
Las Vegas Challenge
4
1	276.00	Paige Pierce	29190	991	-25	52	1031	69	948	57	1017	62	977	240	$4,000
2	270.00	Catrina Allen	44184	962	-24	56	996	62	1000	63	969	60	993	241	$2,500
3	264.00	Jessica Weese	50656	948	-8	57	987	71	933	66	945	63	969	257	$2,000
4	258.00	Ohn Scoggins	48976	949	-6	62	943	62	1000	71	904	64	961	259	$1,500
5	252.00	Hailey King	81351	962	-5	68	890	67	962	61	985	64	961	260	$1,250
6	246.00	Kona Star Panis	27832	926	-3	60	961	71	933	67	937	64	961	262	$975
6	246.00	Sarah Hokom	34563	967	-3	67	899	64	985	65	953	66	945	262	$975
8	234.00	Rebecca Cox	32917	929	-2	60	961	69	948	70	912	64	961	263	$800
9	228.00	Missy Gannon	85942	951	E	66	908	70	940	64	961	65	953	265	$750
10	222.00	Valerie Mandujano	62879	956	+1	64	925	75	903	64	961	63	969	266	$650
11	216.00	Madison Walker	59431	936	+3	61	952	73	918	69	920	65	953	268	$600
11	216.00	Nicole Bradley	51229	939	+3	61	952	68	955	73	888	66	945	268	$600
13	204.00	Callie McMorran	64751	928	+4	61	952	76	896	62	977	70	913	269	$550
14	198.00	Maria Oliva	63257	921	+5	66	908	71	933	67	937	66	945	270	$475
14	198.00	Lisa Fajkus	32654	938	+5	66	908	66	970	69	920	69	921	270	$475
16	186.00	Zoe AnDyke	39504	936	+6	64	925	73	918	69	920	65	953	271	$450
17	180.00	Holyn Handley	133547	903	+7	63	934	68	955	72	896	69	921	272	$400
18	174.00	Jennifer Allen	15354	943	+8	59	970	69	948	69	920	76	865	273	$400
19	168.00	Madison Tomaino	60798	920	+11	65	917	72	925	69	920	70	913	276	$200
19	168.00	Cynthia Ricciotti	75029	910	+11	67	899	69	948	70	912	70	913	276	$200
21	156.00	Alexis Mandujano	62880	928	+12	67	899	68	955	71	904	71	905	277	
22	150.00	Holly Finley	51277	932	+13	66	908	72	925	68	928	72	897	278	
23	144.00	Ella Hansen	144112	899	+11	64	925	76	896	68	928			208	
24	138.00	Amy Bilodeau	63005	850	+12	68	890	68	955	73	888			209	
24	138.00	Sai Ananda	58303	927	+12	65	917	71	933	73	888			209	
26	126.00	Melodie Bailey	34751	932	+13	65	917	76	896	69	920			210	
26	126.00	Erika Stinchcomb	71262	924	+13	69	881	70	940	71	904			210	
28	114.00	Raven Klein	138272	860	+14	67	899	79	873	65	953			211	
28	114.00	Elyse Reveles	109383	887	+14	70	872	75	903	66	945			211	
28	114.00	Katelyn Belty	106422	864	+14	60	961	81	859	70	912			211	
31	96.00	Deann Carey	66842	916	+16	61	952	80	866	72	896			213	
32	90.00	Alyssa Weatherford	143049	879	+17	69	881	75	903	70	912			214	
33	84.00	Carli Beith	85978	899	+20	71	863	74	910	72	896			217	
33	84.00	Courtney Cannon	70634	915	+20	66	908	76	896	75	872			217	
35	72.00	Marysa Rosta	87523	831	+21	72	855	73	918	73	888			218	
36	66.00	Leah Tsinajinnie	139109	848	+22	70	872	76	896	73	888			219	
36	66.00	Sami Keddington	52010	875	+22	63	934	82	851	74	880			219	
38	54.00	Laura Allocco	104030	872	+25	70	872	79	873	73	888			222	
39	48.00	Kat Mertsch	99455	901	+26	70	872	84	836	69	920			223	
39	48.00	Mei Bruist	147568	818	+26	73	846	76	896	74	880			223	
41	36.00	Sandra Richardson	56987	873	+32	67	899	83	844	79	840			229	
42	30.00	Carolina Halstead	113817	855	+38	71	863	84	836	80	832			235	
43	24.00	Rachel Trager	112608	809	+47	78	802	86	821	80	832			244	
44	18.00	Alyssa Pierson	122118	825	+50	80	784	82	851	85	792			247	
45	12.00	TONI OSIECKI	32716	769	+72	91	687	91	784	87	776			269	
46	6.00	Samii The Tutu Maes	84007	644	+122	97	634	105	680	117	534			319	

WACO
3
1	192.00	Kona Star Panis	27832	927	-16	61	1004	61	1010	63	976	185	$2,500
2	186.00	Ohn Scoggins	48976	951	-4	72	921	66	974	59	1007	197	$1,500
3	180.00	Sarah Hokom	34563	963	-3	67	959	69	952	62	984	198	$1,000
4	174.00	Lisa Fajkus	32654	938	-2	66	966	68	959	65	960	199	$810
5	168.00	Paige Pierce	29190	996	-1	64	981	75	908	61	991	200	$750
6	162.00	Valerie Mandujano	62879	948	+1	64	981	73	922	65	960	202	$700
7	156.00	Stephanie Vincent	29947	927	+2	66	966	71	937	66	952	203	$625
7	156.00	Catrina Allen	44184	966	+2	65	974	69	952	69	928	203	$625
9	144.00	Holly Finley	51277	930	+3	68	951	68	959	68	936	204	$525
9	144.00	Missy Gannon	85942	949	+3	66	966	68	959	70	921	204	$525
11	132.00	Rebecca Cox	32917	934	+4	67	959	70	944	68	936	205	$425
11	132.00	Madison Walker	59431	933	+4	68	951	64	988	73	897	205	$425
13	120.00	Hailey King	81351	965	+6	69	944	69	952	69	928	207	$375
14	114.00	Heather Young	100965	948	+8	67	959	74	915	68	936	209	$340
14	114.00	Casey Pennington	74708	921	+8	69	944	67	966	73	897	209	$340
16	102.00	Jessica Weese	50656	950	+9	67	959	74	915	69	928	210	$300
17	96.00	Alexis Mandujano	62880	925	+10	70	936	72	930	69	928	211	
18	90.00	Christina Linthicum	50045	920	+13	70	936	75	908	69	928	214	
19	84.00	Stacie Rawnsley	122208	893	+15	76	891	73	922	67	944	216	
19	84.00	Julie Eagle	78135	902	+15	72	921	75	908	69	928	216	
21	72.00	Cynthia Ricciotti	75029	909	+16	76	891	70	944	71	913	217	
22	66.00	Krissie Fountain	73693	906	+19	75	899	74	915	71	913	220	
23	60.00	Erika Stinchcomb	71262	922	+20	81	854	74	915	66	952	221	
23	60.00	Chelsea Harden	63377	864	+20	76	891	76	900	69	928	221	
23	60.00	Lydia Lyons	58968	887	+20	74	906	75	908	72	905	221	
26	42.00	Kat Mertsch	99455	900	+25	74	906	80	871	72	905	226	
26	42.00	Vanessa Van Dyken	62325	941	+25	76	891	76	900	74	889	226	
28	30.00	Esther Schultz	79049	883	+26	77	884	77	893	73	897	227	
29	24.00	Courtney Cannon	70634	912	+28	79	869	74	915	76	873	229	
30	18.00	Deann Carey	66842	915	+29	78	876	78	886	74	889	230	
31	12.00	Jenny Umstead	42066	879	+30	77	884	76	900	78	858	231	
32	6.00	Alyssa Pierson	122118	833	+56	90	786	87	820	80	842	257

The Open at Austin
3
1	162.00	Catrina Allen	44184	966	-6	66	942	54	1028	63	967	183	$1,100
2	156.00	Heather Young	100965	948	-5	63	967	63	952	58	1007	184	$850
3	150.00	Missy Gannon	85942	949	+2	65	951	58	994	68	926	191	$600
4	144.00	Lisa Fajkus	32654	938	+5	63	967	65	935	66	942	194	$425
4	144.00	Valerie Mandujano	62879	948	+5	61	983	67	918	66	942	194	$425
4	144.00	Kona Star Panis	27832	927	+5	63	967	62	960	69	918	194	$425
7	126.00	Jessica Weese	50656	950	+6	68	926	64	943	63	967	195	$310
8	120.00	Alexis Mandujano	62880	925	+8	65	951	65	935	67	934	197	$255
8	120.00	Hailey King	81351	965	+8	68	926	61	968	68	926	197	$255
10	108.00	Casey Pennington	74708	921	+9	70	910	66	926	62	975	198	$220
11	102.00	Vanessa Van Dyken	62325	941	+10	67	934	65	935	67	934	199	$200
12	96.00	Holly Finley	51277	930	+11	65	951	67	918	68	926	200	$180
13	90.00	Kat Mertsch	99455	900	+13	71	902	68	909	63	967	202	$160
14	84.00	Stacie Rawnsley	122208	893	+15	68	926	67	918	69	918	204	$75
14	84.00	Rebecca Cox	32917	934	+15	67	934	68	909	69	918	204	$75
16	72.00	Maria Oliva	63257	912	+16	67	934	71	884	67	934	205	
17	66.00	Deann Carey	66842	915	+19	68	926	70	892	70	910	208	
18	60.00	Hannah McBeth	66939	910	+22	71	902	71	884	69	918	211	
18	60.00	Megan Ramirez	95481	877	+22	74	878	67	918	70	910	211	
18	60.00	Krissie Fountain	73693	906	+22	70	910	71	884	70	910	211	
21	42.00	Julie Eagle	78135	902	+24	68	926	76	842	69	918	213	
22	36.00	Cynthia Ricciotti	75029	909	+27	69	918	70	892	77	853	216	
23	30.00	Shannon Prendergast	65961	900	+29	70	910	72	875	76	861	218	
24	24.00	Alyssa Pierson	122118	833	+34	78	845	74	858	71	902	223	
25	18.00	Sheila Kirkham	7646	842	+48	80	829	79	816	78	845	237	
26	12.00	Renae Farr	84208	859	+52	75	870	77	833	89	756	241	
27	6.00	Erin Reynolds	88066	798	+68	87	772	88	740	82	813	257

Texas State Disc Golf Championships
3
1	222.00	Hailey King	81351	965	-7	60	981	64	947	61	973	185	$3,000
2	216.00	Holly Finley	51277	930	-4	61	973	65	939	62	964	188	$2,000
3	210.00	Rebecca Cox	32917	934	-3	58	998	68	914	63	956	189	$1,500
4	204.00	Alexis Mandujano	62880	925	-1	66	931	62	964	63	956	191	$1,000
4	204.00	Missy Gannon	85942	949	-1	65	939	61	973	65	939	191	$1,000
4	204.00	Catrina Allen	44184	966	-1	62	964	63	956	66	931	191	$1,000
7	186.00	Valerie Mandujano	62879	948	E	65	939	61	973	66	931	192	$700
8	180.00	Jessica Weese	50656	950	+1	61	973	66	931	66	931	193	$600
9	174.00	Sarah Hokom	34563	963	+2	67	922	60	981	67	922	194	$450
9	174.00	Ohn Scoggins	48976	951	+2	61	973	66	931	67	922	194	$450
11	162.00	Paige Pierce	29190	996	+4	64	947	69	906	63	956	196	$300
12	156.00	Heather Young	100965	948	+5	68	914	66	931	63	956	197	$275
13	150.00	Erika Stinchcomb	71262	922	+6	67	922	64	947	67	922	198	$250
13	150.00	Lisa Fajkus	32654	938	+6	63	956	66	931	69	906	198	$250
13	150.00	Stephanie Vincent	29947	927	+6	63	956	65	939	70	897	198	$250
16	132.00	Kat Mertsch	99455	900	+7	67	922	67	922	65	939	199	
17	126.00	Casey Pennington	74708	921	+8	70	897	65	939	65	939	200	
18	120.00	Maria Oliva	63257	912	+9	71	889	65	939	65	939	201	
18	120.00	Sami Keddington	52010	878	+9	65	939	70	897	66	931	201	
18	120.00	Sara Sinclair	41012	912	+9	64	947	69	906	68	914	201	
21	102.00	Ellen Widboom	58276	943	+10	66	931	71	889	65	939	202	
21	102.00	Krissie Fountain	73693	906	+10	70	897	65	939	67	922	202	
23	90.00	Des Reading	15863	900	+11	71	889	66	931	66	931	203	
24	84.00	Julie Eagle	78135	902	+14	71	889	69	906	66	931	206	
25	78.00	Deann Carey	66842	915	+15	70	897	65	939	72	881	207	
26	72.00	Stacie Rawnsley	122208	893	+16	68	914	72	881	68	914	208	
26	72.00	Kona Star Panis	27832	927	+16	65	939	69	906	74	864	208	
28	60.00	Hannah McBeth	66939	910	+17	70	897	74	864	65	939	209	
28	60.00	Shannon Prendergast	65961	900	+17	67	922	71	889	71	889	209	
30	48.00	Jenny Umstead	42066	879	+21	72	881	72	881	69	906	213	
31	42.00	Esther Schultz	79049	883	+22	72	881	70	897	72	881	214	
32	36.00	Katelyn Belty	106422	868	+30	80	814	68	914	74	864	222	
32	36.00	Rochelle Browning	101496	860	+30	76	847	71	889	75	855	222	
34	24.00	Chelsea Harden	63377	864	+32	75	855	75	855	74	864	224	
34	24.00	Anna Pinter	106489	831	+32	72	881	78	830	74	864	224	
36	12.00	Hali Trevena	56845	853	+33	72	881	75	855	78	830	225	
37	0.00	Christina Linthicum	50045	920		999						DNF

Music City Open
4
1	222.00	Hailey King	81351	967	-15	61	951	56	995	59	999	61	983	237	$4,000
2	216.00	Sarah Hokom	34563	965	-12	59	968	58	977	64	959	59	999	240	$2,350
3	210.00	Macie Velediaz	104187	936	-11	63	933	57	986	59	999	62	975	241	$1,750
4	204.00	Catrina Allen	44184	972	-8	63	933	57	986	63	967	61	983	244	$1,420
5	198.00	Valerie Mandujano	62879	951	-6	62	942	57	986	66	943	61	983	246	$1,200
6	192.00	Alexis Mandujano	62880	942	-5	61	951	60	959	64	959	62	975	247	$1,050
7	186.00	Kona Star Panis	27832	944	-1	62	942	62	942	66	943	61	983	251	$852
7	186.00	Heather Young	100965	954	-1	59	968	61	951	68	927	63	967	251	$852
7	186.00	Missy Gannon	85942	955	-1	61	951	60	959	61	983	69	919	251	$852
10	168.00	Juliana Korver	7438	936	E	62	942	57	986	66	943	67	935	252	$715
11	162.00	Maria Oliva	63257	936	+1	64	924	60	959	67	935	62	975	253	$665
12	156.00	Jessica Weese	50656	947	+3	63	933	62	942	64	959	66	943	255	$625
13	150.00	Paige Pierce	29190	988	+4	63	933	61	951	68	927	64	959	256	$573
13	150.00	Natalie Ryan	114560	938	+4	61	951	58	977	68	927	69	919	256	$573
15	138.00	Deann Carey	66842	928	+5	66	906	61	951	63	967	67	935	257	$525
16	132.00	Kat Mertsch	99455	918	+7	65	915	58	977	69	919	67	935	259	$476
17	126.00	Holly Finley	51277	937	+14	64	924	63	933	65	951	74	878	266	$450
18	120.00	Stacie Rawnsley	122208	917	+5	66	906	59	968	68	927			193	
18	120.00	Ellen Widboom	58276	930	+5	62	942	63	933	68	927			193	
20	108.00	Vanessa Van Dyken	62325	928	+6	66	906	61	951	67	935			194	
20	108.00	Sarah Gilpin	87338	940	+6	62	942	65	915	67	935			194	
22	96.00	Christine Jennings	88568	922	+7	65	915	61	951	69	919			195	
23	90.00	Rebecca Cox	32917	931	+8	66	906	68	888	62	975			196	
23	90.00	Lisa Fajkus	32654	947	+8	67	897	63	933	66	943			196	
23	90.00	Zoe AnDyke	39504	924	+8	59	968	65	915	72	894			196	
26	72.00	Emily Garner	127175	911	+10	66	906	63	933	69	919			198	
27	66.00	Lori Merriman	35616	897	+12	67	897	62	942	71	902			200	
28	60.00	Tiger Borth	78232	903	+13	68	888	63	933	70	910			201	
29	54.00	Chloe Alice	85635	915	+16	70	871	66	906	68	927			204	
29	54.00	Sara Sinclair	41012	902	+16	65	915	64	924	75	870			204	
31	42.00	Lindsay Fish	32925	897	+20	69	880	72	853	67	935			208	
32	36.00	Leah Tsinajinnie	139109	876	+27	70	871	69	880	76	862			215	
33	30.00	Amber Meece	51937	884	+28	65	915	71	862	80	830			216	
34	24.00	Marissa Kula	110845	837	+35	75	826	71	862	77	854			223	
35	18.00	Margaret Baudendistel	96011	861	+36	72	853	71	862	81	821			224	
36	12.00	Anna Pinter	106489	848	+44	78	800	76	817	78	846			232	
37	0.00	Keerti Goorah	154584	849		999								DNF

Blue Ridge Championship
9

Champions Cup
9

Jonesboro Open
3
1	180.00	Catrina Allen	44184	965	-23	58	1009	54	1042	63	969	175	$3,000
2	174.00	Paige Pierce	29190	977	-15	59	1001	65	953	59	1001	183	$2,000
3	168.00	Sarah Hokom	34563	966	-13	59	1001	63	969	63	969	185	$1,400
4	162.00	Macie Walker	104187	938	-6	59	1001	67	937	66	945	192	$1,150
5	156.00	Erika Stinchcomb	71262	924	-3	65	953	65	953	65	953	195	$913
5	156.00	Kona Star Panis	27832	934	-3	62	977	64	961	69	921	195	$913
7	144.00	Missy Gannon	85942	952	-2	66	945	64	961	66	945	196	$700
8	138.00	Heather Young	100965	951	+2	68	929	67	937	65	953	200	$600
9	132.00	Hailey King	81351	961	+3	68	929	69	921	64	961	201	$525
9	132.00	Alexis Mandujano	62880	935	+3	63	969	68	929	70	913	201	$525
11	120.00	Vanessa Van Dyken	62325	934	+4	69	921	61	985	72	897	202	$450
12	114.00	Deann Carey	66842	913	+5	66	945	67	937	70	913	203	$400
13	108.00	Madison Walker	59431	934	+6	71	905	65	953	68	929	204	$338
13	108.00	Cynthia Ricciotti	75029	908	+6	64	961	68	929	72	897	204	$338
15	96.00	Stacie Rawnsley	122208	907	+7	71	905	65	953	69	921	205	$99
15	96.00	Christina Linthicum	50045	918	+7	64	961	68	929	73	889	205	$99
15	96.00	Christine Jennings	88568	919	+7	64	961	66	945	75	873	205	$99
18	78.00	Valerie Mandujano	62879	952	+8	66	945	71	905	69	921	206	
18	78.00	Jessica Weese	50656	945	+8	69	921	67	937	70	913	206	
20	66.00	Emily Beach	61144	921	+10	67	937	73	889	68	929	208	
20	66.00	Callie McMorran	64751	928	+10	68	929	71	905	69	921	208	
20	66.00	Rebecca Cox	32917	931	+10	71	905	67	937	70	913	208	
20	66.00	Nova Six Four Politte	74995	901	+10	69	921	67	937	72	897	208	
24	42.00	Lori Merriman	35616	889	+13	73	889	69	921	69	921	211	
25	36.00	Sara Sinclair	41012	911	+15	69	921	72	897	72	897	213	
26	30.00	Kat Mertsch	99455	911	+18	72	897	74	881	70	913	216	
26	30.00	Courtney Cannon	70634	907	+18	67	937	74	881	75	873	216	
28	18.00	Shannon Prendergast	65961	899	+26	75	873	70	913	79	841	224	
29	12.00	Cortney Cooper	107392	811	+51	82	817	85	792	82	817	249	
30	0.00	Esther Schultz	79049	892		75	873	81	825	999		DNF

OTB Open
3
1	198.00	Paige Pierce	29190	976	-19	66	972	64	987	61	1009	191	$3,000
2	192.00	Catrina Allen	44184	968	-18	67	965	65	980	60	1016	192	$2,000
3	186.00	Jessica Weese	50656	945	-10	65	980	67	965	68	958	200	$1,400
4	180.00	Missy Gannon	85942	952	-9	69	950	67	965	65	980	201	$1,150
5	174.00	Lisa Fajkus	32654	944	-6	67	965	67	965	70	943	204	$1,000
6	168.00	Juliana Korver	7438	925	-3	71	936	66	972	70	943	207	$825
7	162.00	Zoe AnDyke	39504	930	-2	69	950	66	972	73	921	208	$700
8	156.00	Ohn Scoggins	48976	954	-1	72	928	72	928	65	980	209	$570
8	156.00	Kona Star Panis	27832	934	-1	70	943	66	972	73	921	209	$570
10	144.00	Ella Hansen	144112	907	+2	74	913	67	965	71	936	212	$490
11	138.00	Erika Stinchcomb	71262	931	+3	70	943	71	936	72	928	213	$440
12	132.00	Kat Mertsch	99455	909	+4	74	913	69	950	71	936	214	$400
13	126.00	Madison Walker	59431	938	+7	79	877	68	958	70	943	217	$350
14	120.00	Holyn Handley	133547	926	+8	73	921	74	913	71	936	218	$300
14	120.00	Stacie Rawnsley	122208	906	+8	72	928	74	913	72	928	218	$325
16	108.00	Camille Skweir	57791	912	+11	77	891	73	921	71	936	221	$275
17	102.00	Deann Carey	66842	916	+12	73	921	77	891	72	928	222	$250
18	96.00	Nicole Bradley	51229	935	+14	81	862	70	943	73	921	224	
19	90.00	Hannah McBeth	66939	903	+15	78	884	78	884	69	950	225	
19	90.00	Alyssa Weatherford	143049	892	+15	77	891	71	936	77	891	225	
21	78.00	Ellen Widboom	58276	935	+16	73	921	73	921	80	869	226	
22	72.00	Jenn Diggs	132627	884	+17	77	891	77	891	73	921	227	
23	66.00	Jenny Umstead	42066	880	+20	78	884	77	891	75	906	230	
24	60.00	Kristine King	27725	925	+24	79	877	78	884	77	891	234	
25	54.00	Danielle Keen	102024	881	+26	80	869	77	891	79	877	236	
26	48.00	Leah Tsinajinnie	139109	866	+27	81	862	79	877	77	891	237	
27	42.00	Bayli Miller	79014	869	+29	79	877	76	899	84	840	239	
28	36.00	Ruby Reyes	113579	896	+31	86	825	78	884	77	891	241	
29	30.00	Amanda Zaccone	59547	883	+36	90	796	78	884	78	884	246	
29	30.00	Alyssa Pierson	122118	839	+36	81	862	82	855	83	847	246	
31	18.00	Laura Parker	98520	866	+37	87	818	79	877	81	862	247	
32	12.00	Jenna Weiner	126470	847	+42	80	869	84	840	88	811	252	
33	6.00	Erin Reynolds	88066	797	+68	95	759	93	774	90	796	278	

Beaver State Fling
9

Cascade Challenge
9

Zoo Town Open
9

Dynamic Discs Open
4
1	234.00	Hailey King	81351	961	-15	68	983	64	1009	62	992	65	969	259	$3,000
2	228.00	Catrina Allen	44184	965	-9	65	1003	64	1009	66	962	70	931	265	$1,900
3	222.00	Heather Young	100965	951	-5	71	963	70	969	65	969	63	985	269	$1,250
3	222.00	Macie Walker	104187	938	-5	68	983	70	969	65	969	66	962	269	$1,250
5	210.00	Kona Star Panis	27832	934	+1	72	956	68	983	64	977	71	924	275	$920
6	204.00	Missy Gannon	85942	952	+5	73	949	73	949	67	954	66	962	279	$775
7	198.00	Valerie Mandujano	62879	952	+7	79	909	72	956	64	977	66	962	281	$680
8	192.00	Emily Beach	61144	921	+11	73	949	70	969	76	885	66	962	285	$590
8	192.00	Jennifer Allen	15354	940	+11	69	976	74	943	73	908	69	939	285	$590
10	180.00	Sarah Gilpin	87338	933	+12	76	929	72	956	69	939	69	939	286	$480
10	180.00	Maria Oliva	63257	924	+12	76	929	66	996	68	946	76	885	286	$480
12	168.00	Ohn Scoggins	48976	957	+13	75	936	72	956	69	939	71	924	287	$410
12	168.00	Erika Stinchcomb	71262	924	+13	73	949	74	943	65	969	75	893	287	$410
14	156.00	Lisa Fajkus	32654	945	+17	77	923	75	936	67	954	72	916	291	$370
15	150.00	Kat Mertsch	99455	911	+25	70	969	76	929	73	908	80	855	299	$340
16	144.00	Sarah Hokom	34563	966		72	956	71	963	73	908	999		DNF	$310
17	138.00	Julie Eagle	78135	904	+15	83	883	73	949	66	962			222	
17	138.00	Vanessa Van Dyken	62325	934	+15	75	936	72	956	75	893			222	
19	126.00	Paige Shue	33833	934	+18	73	949	76	929	76	885			225	
20	120.00	Deann Carey	66842	913	+19	77	923	79	909	70	931			226	
20	120.00	Shannon Prendergast	65961	899	+19	78	916	74	943	74	901			226	
22	108.00	Ellen Widboom	58276	937	+20	73	949	79	909	75	893			227	
23	102.00	Alexis Mandujano	62880	935	+21	73	949	83	883	72	916			228	
23	102.00	Cynthia Ricciotti	75029	908	+21	80	903	74	943	74	901			228	
25	90.00	Rebecca Cox	32917	931	+23	77	923	74	943	79	862			230	
26	84.00	Stacie Rawnsley	122208	907	+28	85	869	82	889	68	946			235	
26	84.00	Leah Tsinajinnie	139109	862	+28	84	876	75	936	76	885			235	
28	72.00	Raven Klein	138272	867	+37	86	863	79	909	79	862			244	
29	66.00	Katelyn Belty	106422	867	+39	87	856	84	876	75	893			246	
29	66.00	Chelsea Harden	63377	874	+39	87	856	79	909	80	855			246	
31	54.00	Lauren Butler	65489	912	+40	87	856	84	876	76	885			247	
32	48.00	Alyssa Pierson	122118	836	+43	94	810	83	883	73	908			250	
33	42.00	Sandra Richardson	56987	876	+44	89	843	84	876	78	870			251	
34	36.00	Liz Torok	100817	869	+46	83	883	91	830	79	862			253	
35	30.00	Anna Pinter	106489	835	+51	90	836	92	823	76	885			258	
36	24.00	Jennifer Wheeling	55571	878	+52	93	816	88	850	78	870			259	
37	18.00	Ellie Bryant	104814	878	+53	95	803	91	830	74	901			260	
38	0.00	Callie McMorran	64751	928		82	889	87	856	999				DNF	
39	0.00	Jessica Weese	50656	945		999								DNF	

Des Moines Challenge
2
1	144.00	Missy Gannon	85942	954	-5	62	990	63	982			125	$4,000
2	138.00	Jessica Weese	50656	947	-4	65	967	61	998			126	$2,500
3	132.00	Paige Pierce	29190	985	-2	62	990	66	959			128	$1,275
3	132.00	Kristin Tattar	73986	962	-2	62	990	66	959			128	$1,275
5	120.00	Catrina Allen	44184	969	-1	68	944	61	998			129	$1,000
6	114.00	Sarah Hokom	34563	964	+3	67	952	66	959			133	$850
7	108.00	Juliana Korver	7438	950	+4	69	936	65	967			134	$700
8	102.00	Kat Mertsch	99455	911	+5	68	944	67	952			135	$650
9	96.00	Deann Carey	66842	917	+6	69	936	67	952			136	$500
10	90.00	Vanessa Van Dyken	62325	939	+10	71	921	69	936			140	$300
10	90.00	Holly Finley	51277	939	+10	69	936	71	921			140	$300
10	90.00	Raven Klein	138272	871	+10	68	944	72	913			140	$300
13	72.00	Kona Star Panis	27832	941	+13	72	913	71	921			143	
14	66.00	Sarah Gilpin	87338	935	+15	72	913	73	905			145	
15	60.00	Shelbi Dutton	107780	891	+17	76	882	71	921			147	
16	54.00	Kimberly Giannola	76910	892	+19	79	859	70	928			149	
16	54.00	Rebecca Cox	32917	927	+19	75	890	74	898			149	
18	42.00	Nova Six Four Politte	74995	904	+20	81	844	69	936			150	
19	36.00	Rebekah Kersey	47406	910	+21	79	859	72	913			151	
20	30.00	Esther Schultz	79049	873	+22	75	890	77	875			152	
21	24.00	Ellie Bryant	104814	880	+23	77	875	76	882			153	
22	18.00	Leah Tsinajinnie	139109	872	+32	74	898	88	790			162	
23	12.00	Amanda Ickes	91943	832	+33	84	821	79	859			163	
24	6.00	Caitlin Kray	139271	827	+34	82	836	82	836			164

Kansas City Wide Open
3
1	18.00	Nova Politte	74995	901	+19	64	905	66	827	56	957	186	$374
2	13.50	Katelyn Belty	106422	873	+20	62	924	58	911	67	851	187	$224
3	9.00	Ali Smith	147050	896	+21	69	859	59	900	60	919	188	
4	4.50	Kaylee Kincaid	40388	865	+28	66	887	61	880	68	841	195	

PCS Open
4
1	31.50	Anniken Steen	109996	916	+33	71	945	73	916	69	934	72	910	285	$582
2	27.00	Lykke Lorentzen	99441	937	+43	79	888	72	923	72	910	72	910	295	$291
3	22.50	Ingvild Lønvik	118782	859	+60	78	896	76	893	72	910	86	802	312	$145
4	18.00	Katarina Staalesen	66898	889	+63	78	896	83	841	75	887	79	856	315	$93
5	13.50	Ingvild Hellem	139321	819	+77	82	867	83	841	84	817	80	848	329	
6	9.00	Eirin Brun	104320	822	+99	96	767	87	811	87	794	81	840	351	
7	4.50	Amalie Ringdal Birkhol	144304	684	+148	111	661	100	714	100	693	89	778	400	

European Open
4
1	222.00	Henna Blomroos	59227	967	-11	63	990	64	981	64	983	62	999	253	$1,300
2	216.00	Kristin Tattar	73986	976	-9	64	983	63	989	65	976	63	991	255	$900
3	210.00	Eveliina Salonen	64927	978	-3	62	998	59	1019	65	976	75	902	261	$650
4	204.00	Keiti Tätte	94085	922	+7	68	953	68	951	65	976	70	939	271	$500
5	198.00	Anniken Steen	109996	925	+9	71	931	69	943	66	968	67	962	273	$405
6	192.00	Heidi Laine	66599	938	+10	69	945	73	913	69	946	63	991	274	$335
7	186.00	Jenni Eskelinen	57526	928	+17	70	938	70	936	70	938	71	932	281	$275
8	180.00	Anneli Tõugjas	85484	888	+20	71	931	71	928	72	923	70	939	284	$235
9	174.00	Lykke Lorentzen	99441	921	+21	65	975	76	891	74	908	70	939	285	$210
10	168.00	Rachel Turton	144658	924	+22	70	938	68	951	73	916	75	902	286	$190
11	162.00	Antonia Faber	65876	922	+26	73	916	68	951	78	879	71	932	290	
11	162.00	Eliška Bártková	86224	884	+26	72	923	70	936	75	901	73	917	290	
13	150.00	Tabea Wallus	80405	952	+29	73	916	72	921	74	908	74	910	293	
14	144.00	Katarina Staalesen	66898	890	+30	75	901	73	913	71	931	75	902	294	
15	138.00	Camilla Kampen	138707	879	+36	77	886	73	913	72	923	78	880	300	
16	132.00	Maija Laitinen	84600	904	+39	70	938	78	876	76	894	79	872	303	
17	126.00	Madli Vaht	80743	894	+40	81	856	74	906	75	901	74	910	304	
18	120.00	Wiebke Jahn	70414	916	+49	78	878	82	846	75	901	78	880	313	
18	120.00	Laura Posch	116926	873	+49	84	833	70	936	79	871	80	865	313	
18	120.00	Mireta Jurgeleviciute	76331	851	+49	79	871	77	883	74	908	83	843	313	
21	102.00	Maren Mossig	71081	868	+38	76	893	79	868	81	856			236	
22	96.00	Andreja Bernjak	109239	859	+40	79	871	78	876	81	856			238	
23	90.00	Eva Bínová	69385	895	+42	80	863	79	868	81	856			240	
24	84.00	Martina Vajdová	99740	864	+46	81	856	86	815	77	886			244	
24	84.00	Terhi Tuorilainen	84539	872	+46	79	871	83	838	82	849			244	
26	72.00	Senja Kantanen	97788	879	+48	85	826	78	876	83	841			246	
27	66.00	Lea Schadenhofer	101036	872	+55	80	863	91	778	82	849			253	
27	66.00	Danica Pajtak	62432	836	+55	83	841	85	823	85	826			253	
29	54.00	Mena Leuenberger	92521	855	+56	85	826	84	831	85	826			254	
30	48.00	Kolbrun Mist Palsdottir	84753	814	+58	84	833	84	831	88	804			256	
31	42.00	Beáta Feilhauerová	70915	836	+59	86	818	87	808	84	834			257	
32	36.00	Cecilie Shin Okkels	139579	783	+65	91	781	89	793	83	841			263	
33	30.00	Veronika Tóth	88828	806	+68	94	759	86	815	86	819			266	
34	24.00	Laetitia Bousseau	46884	815	+70	91	781	88	800	89	796			268	
35	18.00	Aleksandra Dysko-Sieraj	167707	843	+71	89	796	92	770	88	804			269	
36	12.00	Guðrún Fjóla Guðmundsdóttir	117713	758	+78	93	766	92	770	91	782			276	
37	6.00	Jasmina Nikolic	128053	804	+89	94	759	95	748	98	752			287	

Mid America Open
3
1	90.00	Heather Young	100965	951	+2	55	960	57	941	55	960	167	$2,500
2	84.00	Vanessa Van Dyken	62325	934	+3	57	941	56	950	55	960	168	$1,205
2	84.00	Ellen Widboom	58276	937	+3	55	960	56	950	57	941	168	$1,205
4	72.00	Missy Gannon	85942	952	+4	55	960	57	941	57	941	169	$700
5	66.00	Sarah Gilpin	87338	933	+8	56	950	58	931	59	921	173	$550
6	60.00	Kat Mertsch	99455	911	+14	64	872	57	941	58	931	179	$320
6	60.00	Courtney Cannon	70634	907	+14	59	921	62	891	58	931	179	$320
6	60.00	Deann Carey	66842	913	+14	55	960	59	921	65	862	179	$320
9	42.00	Rebecca Cox	32917	931	+15	59	921	60	911	61	901	180	
10	36.00	Lindsay Fish	32925	885	+16	60	911	60	911	61	901	181	
11	30.00	Megan Riccardi	96253	888	+17	60	911	64	872	58	931	182	
12	24.00	Cynthia Ricciotti	75029	908	+18	59	921	66	852	58	931	183	
13	18.00	Rebekah Kersey	47406	906	+19	63	881	59	921	62	891	184	
14	12.00	Fresa Jacobs	89589	858	+31	67	842	65	862	64	872	196	
15	6.00	Alexis Kerman	142354	758	+38	69	822	67	842	67	842	203

Ledgestone Open
4
1	234.00	Paige Pierce	29190	990	-19	64	1010	54	995	54	995	67	990	239	$4,000
2	228.00	Missy Gannon	85942	954	-8	70	970	55	986	56	976	69	976	250	$2,800
3	222.00	Sarah Hokom	34563	963	-5	70	970	56	976	56	976	71	963	253	$2,050
4	216.00	Valerie Mandujano	62879	949	-4	71	963	58	958	56	976	69	976	254	$1,700
5	210.00	Hailey King	81351	967	-3	67	990	60	939	59	948	69	976	255	$1,375
5	210.00	Maria Oliva	63257	929	-3	69	976	58	958	56	976	72	957	255	$1,375
7	198.00	Heather Young	100965	950	E	70	970	60	939	60	939	68	983	258	$1,125
7	198.00	Catrina Allen	44184	972	E	71	963	59	948	53	1004	75	937	258	$1,125
9	186.00	Alexis Mandujano	62880	937	+2	74	943	56	976	58	958	72	957	260	$990
10	180.00	Juliana Korver	7438	944	+6	72	957	63	911	60	939	69	976	264	$920
10	180.00	Cynthia Ricciotti	75029	907	+6	71	963	58	958	63	911	72	957	264	$870
12	168.00	Madison Walker	59431	937	+10	73	950	62	920	62	920	71	963	268	$820
13	162.00	Rebecca Cox	32917	925	+11	76	930	61	930	61	930	71	963	269	$760
13	162.00	Holly Finley	51277	941	+11	73	950	61	930	64	902	71	963	269	$760
15	150.00	Jessica Weese	50656	949	+12	76	930	59	948	56	976	79	910	270	$710
16	144.00	Deann Carey	66842	923	+13	78	917	60	939	61	930	72	957	271	$665
16	144.00	Kona Star Panis	27832	940	+13	78	917	63	911	54	995	76	930	271	$665
18	132.00	Callie McMorran	64751	920	+16	71	963	59	948	62	920	82	890	274	$625
19	126.00	Ashleh Baumann	76500	912	+17	87	857	66	883	56	976	66	996	275	$579
19	126.00	Sarah Gilpin	87338	942	+17	72	957	66	883	62	920	75	937	275	$579
19	126.00	Paige Shue	33833	919	+17	74	943	64	902	61	930	76	930	275	$579
19	126.00	Macie Walker	104187	943	+17	70	970	59	948	67	874	79	910	275	$579
19	126.00	Christine Jennings	88568	918	+17	73	950	58	958	64	902	80	903	275	$579
24	96.00	Ellen Widboom	58276	933	+18	75	937	61	930	66	883	74	943	276	$570
25	90.00	Kat Mertsch	99455	916	+19	80	903	60	939	59	948	78	917	277	
25	90.00	Lydia Lyons	58968	882	+19	75	937	57	967	63	911	82	890	277	
27	78.00	Ella Hansen	144112	928	+20	78	917	62	920	63	911	75	937	278	
28	72.00	Vanessa Van Dyken	62325	938	+24	77	923	58	958	66	883	81	897	282	
29	66.00	Casey Pennington	74708	911	+27	83	884	67	874	59	948	76	930	285	
30	60.00	Cassandra Lioi	83376	888	+30	79	910	70	846	63	911	76	930	288	
31	54.00	Stacie Rawnsley	122208	913	+31	82	890	65	892	63	911	79	910	289	
32	48.00	Erika Stinchcomb	71262	930	+33	87	857	66	883	60	939	78	917	291	
33	42.00	Julie Eagle	78135	901	+36	81	897	65	892	65	892	83	884	294	
34	36.00	Samantha Yanssens	55347	867	+42	93	817	65	892	65	892	77	923	300	
35	30.00	Jessica Oleskie	64840	857	+44	81	897	66	883	66	883	89	844	302	
35	30.00	Tiger Borth	78232	896	+44	81	897	61	930	68	865	92	824	302	
37	18.00	Raven Klein	138272	875	+47	86	864	67	874	70	846	82	890	305	
38	12.00	Ratana Meekham	101949	862	+63	87	857	70	846	75	799	89	844	321	
39	0.00	Jenny Munn	65131	854		86	864	70	846	999				DNF

Idlewild
3
1	216.00	Paige Pierce	29190	988	-1	65	995	70	960	65	995	200	$5,000
2	210.00	Missy Gannon	85942	953	+2	72	946	65	995	66	988	203	$3,000
3	204.00	Sarah Hokom	34563	963	+3	68	974	67	981	69	967	204	$2,300
4	198.00	Catrina Allen	44184	972	+4	73	939	68	974	64	1002	205	$1,800
5	192.00	Ohn Scoggins	48976	960	+7	73	939	65	995	70	960	208	$1,400
5	192.00	Rebecca Cox	32917	925	+7	70	960	68	974	70	960	208	$1,400
7	180.00	Hailey King	81351	967	+8	74	932	67	981	68	974	209	$1,050
7	180.00	Alexis Mandujano	62880	940	+8	70	960	71	953	68	974	209	$1,050
9	168.00	Lisa Fajkus	32654	946	+9	73	939	69	967	68	974	210	$870
9	168.00	Heather Young	100965	953	+9	71	953	66	988	73	939	210	$870
11	156.00	Madison Walker	59431	932	+12	72	946	72	946	69	967	213	$700
11	156.00	Ellen Widboom	58276	930	+12	73	939	70	960	70	960	213	$700
13	144.00	Jessica Weese	50656	948	+13	73	939	75	925	66	988	214	$585
14	138.00	Kona Star Panis	27832	938	+16	76	919	70	960	71	953	217	$500
14	138.00	Paige Shue	33833	924	+16	66	988	69	967	82	877	217	$500
16	126.00	Holly Finley	51277	937	+17	70	960	74	932	74	932	218	$450
17	120.00	Stacie Rawnsley	122208	913	+18	72	946	73	939	74	932	219	$425
18	114.00	Alex Benson	96030	936	+19	75	925	72	946	73	939	220	$400
19	108.00	Natalie Ryan	114560	928	+21	79	898	73	939	70	960	222	
19	108.00	Juliana Korver	7438	941	+21	70	960	77	912	75	925	222	
21	96.00	Christine Jennings	88568	921	+22	74	932	78	905	71	953	223	
21	96.00	Deann Carey	66842	928	+22	74	932	69	967	80	891	223	
23	84.00	Macie Walker	104187	938	+24	76	919	73	939	76	919	225	
24	78.00	Ashleh Baumann	76500	915	+25	79	898	78	905	69	967	226	
25	72.00	Kat Mertsch	99455	916	+27	79	898	73	939	76	919	228	
25	72.00	Vanessa Van Dyken	62325	935	+27	71	953	77	912	80	891	228	
27	60.00	Sara Sinclair	41012	902	+30	75	925	81	884	75	925	231	
28	54.00	Taylor Crammer	102378	919	+32	79	898	72	946	82	877	233	
29	48.00	Ratana Meekham	101949	855	+39	87	843	75	925	78	905	240	
29	48.00	Cynthia Ricciotti	75029	913	+39	83	870	77	912	80	891	240	
29	48.00	Erika Stinchcomb	71262	928	+39	78	905	75	925	87	843	240	
32	30.00	Hannah Manis	130822	888	+40	78	905	82	877	81	884	241	
33	24.00	Amber Meece	51937	882	+43	79	898	86	849	79	898	244	
34	18.00	Lindsay Fish	32925	900	+46	80	891	85	856	82	877	247	
35	12.00	Margaret Baudendistel	96011	863	+49	85	856	84	863	81	884	250	
36	0.00	Leah Tsinajinnie	139109	875		999						DNF

Great Lakes Open
3
1	228.00	Kristin Tattar	73986	967	-20	61	982	60	990	57	1015	178	$4,000
2	222.00	Paige Pierce	29190	990	-19	58	1006	61	982	60	990	179	$2,545
3	216.00	Catrina Allen	44184	972	-11	61	982	63	966	63	966	187	$1,800
4	210.00	Heather Young	100965	950	-7	65	950	64	958	62	974	191	$1,350
4	210.00	Hailey King	81351	967	-7	69	917	58	1006	64	958	191	$1,350
6	198.00	Sarah Hokom	34563	963	-5	65	950	61	982	67	933	193	$1,000
7	192.00	Deann Carey	66842	923	-4	64	958	65	950	65	950	194	$850
8	186.00	Alex Benson	96030	936	-1	66	942	64	958	67	933	197	$700
9	180.00	Kat Mertsch	99455	916	E	65	950	69	917	64	958	198	$600
9	180.00	Ragna Bygde Lewis	8559	927	E	66	942	67	933	65	950	198	$600
11	168.00	Missy Gannon	85942	954	+1	64	958	67	933	68	925	199	$520
11	168.00	Juliana Korver	7438	944	+1	63	966	68	925	68	925	199	$520
13	156.00	Callie McMorran	64751	920	+2	63	966	70	909	67	933	200	$460
14	150.00	Jessica Weese	50656	949	+3	68	925	68	925	65	950	201	$415
14	150.00	Vanessa Van Dyken	62325	938	+3	65	950	68	925	68	925	201	$415
16	138.00	Alexis Mandujano	62880	937	+4	72	893	65	950	65	950	202	$350
16	138.00	Stacie Rawnsley	122208	913	+4	69	917	67	933	66	942	202	$350
16	138.00	Valerie Mandujano	62879	949	+4	67	933	69	917	66	942	202	$350
19	120.00	Holly Finley	51277	941	+6	66	942	69	917	69	917	204	$300
20	114.00	Lisa Fajkus	32654	948	+7	69	917	67	933	69	917	205	
20	114.00	Stacie Hass	124963	900	+7	67	933	69	917	69	917	205	
22	102.00	Tiger Borth	78232	896	+8	66	942	72	893	68	925	206	
23	96.00	Sarah DeMar	25166	906	+9	70	909	69	917	68	925	207	
23	96.00	Ashleh Baumann	76500	912	+9	66	942	71	901	70	909	207	
25	84.00	Lydia Lyons	58968	882	+10	68	925	73	885	67	933	208	
26	78.00	Kona Star Panis	27832	940	+11	70	909	74	877	65	950	209	
26	78.00	Courtney Cannon	70634	902	+11	67	933	69	917	73	885	209	
28	66.00	Jennifer Sawyer	43670	875	+12	66	942	74	877	70	909	210	
29	60.00	Christine Jennings	88568	918	+14	69	917	68	925	75	868	212	
30	54.00	Amanda Melwiki	76988	897	+20	70	909	76	860	72	893	218	
31	48.00	Lori Merriman	35616	889	+22	78	844	69	917	73	885	220	
31	48.00	Samantha Yanssens	55347	867	+22	73	885	74	877	73	885	220	
33	36.00	Rebecca Cox	32917	925	+24	73	885	71	901	78	844	222	
34	30.00	Lindsey Messner	80935	878	+25	73	885	75	868	75	868	223	
35	24.00	Jessica Oleskie	64840	857	+28	77	852	77	852	72	893	226	
36	18.00	Leah Tsinajinnie	139109	875	+30	80	828	72	893	76	860	228	
37	12.00	Ratana Meekham	101949	862	+32	73	885	85	787	72	893	230	
38	0.00	Cynthia Ricciotti	75029	907		68	925	999				DNF

Jim Palmeri's AFDO
9

PDGA Worlds
5
1	630.00	Catrina Allen	44184	969	-10	63	977	51	1010	63	977	52	1000	66	953	295	$10,000
2	621.00	Paige Pierce	29190	985	-9	60	1000	50	1019	67	945	53	990	66	953	296	$6,000
3	612.00	Lisa Fajkus	32654	946	-7	63	977	51	1010	65	961	57	952	62	985	298	$5,300
4	603.00	Hailey King	81351	965	-5	61	993	55	971	67	945	56	962	61	993	300	$4,500
5	594.00	Kristin Tattar	73986	962	-1	63	977	53	990	69	930	53	990	66	953	304	$3,750
6	585.00	Ohn Scoggins	48976	951	E	64	969	58	942	67	945	52	1000	64	969	305	$2,900
7	576.00	Sarah Hokom	34563	964	+1	67	945	57	952	63	977	53	990	66	953	306	$2,200
8	567.00	Missy Gannon	85942	954	+3	69	930	59	933	65	961	54	981	61	993	308	$1,650
8	567.00	Sai Ananda	58303	931	+3	67	945	57	952	60	1000	55	971	69	930	308	$1,650
10	549.00	Alexis Mandujano	62880	934	+4	69	930	55	971	63	977	56	962	66	953	309	$1,350
11	540.00	Ella Hansen	144112	919	+7	68	938	55	971	65	961	57	952	67	945	312	$900
12	531.00	Heather Young	100965	950	+8	66	953	57	952	69	930	56	962	65	961	313	$850
13	522.00	Vanessa Van Dyken	62325	939	+9	70	922	57	952	63	977	57	952	67	945	314	$800
14	513.00	Holly Finley	51277	939	+11	70	922	56	962	63	977	61	913	66	953	316	$710
14	513.00	Stephanie Vincent	29947	937	+11	68	938	56	962	68	938	56	962	68	938	316	$710
14	513.00	Jessica Weese	50656	947	+11	66	953	57	952	66	953	59	933	68	938	316	$710
17	486.00	Sarah Gilpin	87338	935	+13	61	993	57	952	70	922	60	923	70	922	318	$650
18	477.00	Valerie Mandujano	62879	947	+14	62	985	60	923	74	891	55	971	68	938	319	$615
18	477.00	Deann Carey	66842	917	+14	69	930	57	952	66	953	58	942	69	930	319	$615
20	459.00	Madison Walker	59431	937	+15	63	977	65	875	68	938	62	904	62	985	320	$565
20	459.00	Melodie Bailey	34751	924	+15	67	945	58	942	67	945	61	913	67	945	320	$565
22	441.00	Juliana Korver	7438	950	+17	65	961	62	904	69	930	60	923	66	953	322	$515
22	441.00	Jennifer Allen	15354	943	+17	68	938	58	942	68	938	59	933	69	930	322	$515
24	423.00	Erika Stinchcomb	71262	930	+18	71	914	60	923	68	938	60	923	64	969	323	$475
25	414.00	Kona Star Panis	27832	941	+19	69	930	58	942	69	930	60	923	68	938	324	$450
26	405.00	Maria Oliva	63257	933	+20	70	922	54	981	70	922	59	933	72	906	325	$440
27	396.00	Lindsay Fish	32925	887	+21	65	961	61	913	71	914	61	913	68	938	326	$430
28	387.00	Holyn Handley	133547	923	+22	69	930	55	971	70	922	64	884	69	930	327	$420
29	378.00	Des Reading	15863	911	+18	69	930	61	913	71	914	59	933			260	
29	378.00	Stacie Rawnsley	122208	911	+18	73	898	59	933	67	945	61	913			260	
31	360.00	Casey Pennington	74708	908	+21	65	961	67	856	73	898	58	942			263	
31	360.00	Cynthia Ricciotti	75029	909	+21	74	891	59	933	70	922	60	923			263	
31	360.00	Elyse Reveles	109383	902	+21	72	906	60	923	70	922	61	913			263	
34	333.00	Kat Mertsch	99455	911	+22	68	938	67	856	70	922	59	933			264	
34	333.00	Charlotte Christensen	99572	874	+22	74	891	61	913	69	930	60	923			264	
34	333.00	Alyssa Weatherford	143049	894	+22	70	922	63	894	70	922	61	913			264	
34	333.00	Camille Skweir	57791	915	+22	71	914	61	913	67	945	65	875			264	
38	297.00	Karina Nowels	48518	912	+23	73	898	60	923	72	906	60	923			265	
38	297.00	Nicole Bradley	51229	927	+23	71	914	58	942	74	891	62	904			265	
38	297.00	Amy Lewis	61950	917	+23	71	914	63	894	67	945	64	884			265	
41	270.00	Lauren Butler	65489	887	+25	72	906	62	904	69	930	64	884			267	
42	261.00	Sara Sinclair	41012	901	+27	76	875	63	894	68	938	62	904			269	
43	252.00	Zoe AnDyke	39504	929	+28	74	891	61	913	74	891	61	913			270	
43	252.00	Ellen Widboom	58276	933	+28	73	898	63	894	70	922	64	884			270	
43	252.00	Tiger Borth	78232	895	+28	73	898	60	923	70	922	67	856			270	
43	252.00	Erikah Weir	68633	905	+28	69	930	59	933	75	883	67	856			270	
47	216.00	Andrea Eaton	100197	913	+29	70	922	63	894	75	883	63	894			271	
48	207.00	Courtney Cannon	70634	906	+30	70	922	69	836	74	891	59	933			272	
48	207.00	Ruby Reyes	113579	890	+30	70	922	61	913	76	875	65	875			272	
50	189.00	Rebecca Cox	32917	927	+31	73	898	62	904	77	867	61	913			273	
50	189.00	Sammie Jo Guerrero	76488	902	+31	73	898	67	856	71	914	62	904			273	
50	189.00	Taylor Foth	43995	907	+31	73	898	61	913	75	883	64	884			273	
50	189.00	Jenny Umstead	42066	886	+31	71	914	62	904	75	883	65	875			273	
54	153.00	Leah Tsinajinnie	139109	872	+32	78	859	62	904	72	906	62	904			274	
55	144.00	Danielle Keen	102024	878	+33	76	875	60	923	77	867	62	904			275	
56	135.00	Kristine King	27725	925	+37	69	930	69	836	71	914	70	827			279	
57	126.00	Amy Bilodeau	63005	884	+38	75	883	69	836	73	898	63	894			280	
58	117.00	Brittany Leaman-Snyder	101295	886	+39	75	883	64	884	78	859	64	884			281	
59	108.00	Ruby Hall	88525	853	+41	78	859	62	904	79	851	64	884			283	
60	99.00	Carolina “Reaper” Halstead	113817	865	+43	76	875	65	875	76	875	68	846			285	
61	90.00	Jenifer Johnson	96864	869	+44	81	836	65	875	77	867	63	894			286	
62	81.00	Faith Marie Powell	90111	866	+46	78	859	66	865	80	843	64	884			288	
63	72.00	Chyenne Garner	106206	841	+47	76	875	64	884	78	859	71	817			289	
64	63.00	Amanda Zaccone	59547	886	+48	76	875	70	827	78	859	66	865			290	
64	63.00	Danielle Weigandt	69584	885	+48	73	898	67	856	79	851	71	817			290	
66	45.00	Kenzie McNeel	114424	858	+50	79	851	68	846	76	875	69	836			292	
67	36.00	Katelyn Belty	106422	866	+59	88	781	67	856	81	836	65	875			301	
68	27.00	Ashton Wade	104847	834	+64	87	789	73	798	78	859	68	846			306	
69	0.00	Madison Tomaino	60798	922		77	867	63	894	999						DNF	
70	0.00	Sami Keddington	52010	892		79	851	999		999						DNF	

MVP Open
3
1	288.00	Catrina Allen	44184	972	-4	60	981	57	1006	59	990	176	$4,000
2	282.00	Kona Star Panis	27832	938	+3	59	990	60	981	64	948	183	$2,500
3	276.00	Paige Pierce	29190	988	+4	64	948	58	998	62	965	184	$1,800
4	270.00	Hailey King	81351	967	+7	61	973	58	998	68	914	187	$1,500
5	264.00	Tiger Borth	78232	896	+8	63	956	64	948	61	973	188	$1,125
5	264.00	Missy Gannon	85942	953	+8	60	981	63	956	65	940	188	$1,125
7	252.00	Heather Young	100965	953	+9	66	931	64	948	59	990	189	$800
7	252.00	Ella Hansen	144112	927	+9	64	948	64	948	61	973	189	$800
7	252.00	Sarah Hokom	34563	963	+9	62	965	63	956	64	948	189	$800
10	234.00	Ohn Scoggins	48976	960	+10	66	931	62	965	62	965	190	$630
11	228.00	Ellen Widboom	58276	930	+13	68	914	65	940	60	981	193	$500
12	222.00	Deann Carey	66842	928	+15	65	940	68	914	62	965	195	$500
12	222.00	Madison Walker	59431	932	+15	70	898	62	965	63	956	195	$500
12	222.00	Maria Oliva	63257	935	+15	60	981	71	889	64	948	195	$500
12	222.00	Rebecca Cox	32917	925	+15	67	923	63	956	65	940	195	$500
12	222.00	Natalie Ryan	114560	928	+15	64	948	65	940	66	931	195	$500
12	222.00	Lisa Fajkus	32654	946	+15	61	973	68	914	66	931	195	$500
18	186.00	Kat Mertsch	99455	916	+18	72	881	66	931	60	981	198	$350
18	186.00	Erika Stinchcomb	71262	928	+18	68	914	67	923	63	956	198	$350
18	186.00	Holly Finley	51277	937	+18	67	923	65	940	66	931	198	$350
21	168.00	Lori Merriman	35616	888	+19	67	923	68	914	64	948	199	$325
21	168.00	Jessica Weese	50656	948	+19	66	931	65	940	68	914	199	$325
23	156.00	Erica Johnson	50583	916	+20	64	948	68	914	68	914	200	$310
24	150.00	Christine Jennings	88568	921	+21	77	839	60	981	64	948	201	$300
25	144.00	Juliana Korver	7438	941	+22	69	906	68	914	65	940	202	
25	144.00	Lauren Butler	65489	892	+22	70	898	65	940	67	923	202	
25	144.00	Zoe AnDyke	39504	923	+22	70	898	62	965	70	898	202	
28	126.00	Casey Pennington	74708	911	+23	71	889	68	914	64	948	203	
28	126.00	Lydia Lyons	58968	903	+23	65	940	69	906	69	906	203	
30	114.00	Alex Benson	96030	936	+26	70	898	71	889	65	940	206	
30	114.00	Stacie Rawnsley	122208	913	+26	70	898	68	914	68	914	206	
32	102.00	Cassandra Lioi	83376	894	+28	71	889	73	873	64	948	208	
32	102.00	Colleen Thompson	45899	911	+28	73	873	67	923	68	914	208	
34	90.00	Vanessa Van Dyken	62325	935	+29	69	906	74	864	66	931	209	
34	90.00	Cynthia Ricciotti	75029	913	+29	65	940	74	864	70	898	209	
36	78.00	Lindsey Messner	80935	872	+30	68	914	68	914	74	864	210	
37	72.00	Leah Tsinajinnie	139109	875	+31	70	898	70	898	71	889	211	
38	66.00	Carli Bennett	74947	871	+34	72	881	71	889	71	889	214	
39	60.00	Michelle Legere	75542	880	+35	72	881	73	873	70	898	215	
40	54.00	Alyssa Pierson	122118	846	+41	75	856	72	881	74	864	221	
41	48.00	Margaret Sassaman	54235	891	+43	74	864	75	856	74	864	223	
41	48.00	Ratana Meekham	101949	855	+43	77	839	69	906	77	839	223	
43	36.00	Hannah McBeth	66939	906	+46	79	823	69	906	78	831	226	
44	30.00	Jessica Oleskie	64840	862	+47	70	898	79	823	78	831	227	
45	24.00	Kimberly Kisil	83232	858	+49	77	839	74	864	78	831	229	
46	18.00	Melynda Apton	31072	896	+55	82	798	78	831	75	856	235	
47	12.00	Emma Partee	75785	799	+70	82	798	83	789	85	772	250	
48	6.00	Caley Allen	111942	836	+78	86	764	82	798	90	731	258	
