
Las Vegas Challenge
4
1	360.00	Catrina Allen	44184	967	-30	53	1004	58	1015	66	966	60	999	237	$4,000
2	354.00	Paige Pierce	29190	978	-29	53	1004	64	968	60	1011	61	991	238	$2,800
3	348.00	Kristin Tattar	73986	976	-25	55	985	62	984	61	1004	64	968	242	$2,200
4	342.00	Hailey King	81351	970	-22	59	948	62	984	63	989	61	991	245	$1,800
5	336.00	Eveliina Salonen	64927	972	-19	56	976	62	984	64	981	66	952	248	$1,500
6	330.00	Ella Hansen	144112	937	-18	59	948	66	952	64	981	60	999	249	$1,300
7	324.00	Missy Gannon	85942	955	-16	60	939	67	944	64	981	60	999	251	$1,200
8	318.00	Holyn Handley	133547	935	-14	59	948	63	976	66	966	65	960	253	$1,100
9	312.00	Jennifer Allen	15354	953	-12	59	948	66	952	68	951	62	984	255	$975
9	312.00	Kat Mertsch	99455	928	-12	59	948	65	960	68	951	63	976	255	$975
11	300.00	Rebecca Cox	32917	929	-11	58	957	63	976	71	928	64	968	256	$900
12	294.00	Emily Beach	61144	930	-10	57	967	71	913	66	966	63	976	257	$850
13	288.00	Jessica Weese	50656	947	-8	59	948	66	952	69	943	65	960	259	$800
14	282.00	Julie Moens	113154	921	-7	66	883	60	999	70	936	64	968	260	$725
14	282.00	Aria Castruita	105126	898	-7	62	920	67	944	66	966	65	960	260	$725
16	270.00	Lisa Fajkus	32654	947	-4	61	930	68	936	65	973	69	929	263	$625
16	270.00	Maria Oliva	63257	933	-4	58	957	65	960	66	966	74	889	263	$625
18	258.00	Ohn Scoggins	48976	962	-3	62	920	65	960	68	951	69	929	264	$550
19	252.00	Madison Walker	59431	933	-2	60	939	66	952	73	913	66	952	265	$500
20	246.00	Lykke Lorentzen	99441	923	E	61	930	66	952	69	943	71	913	267	$450
21	240.00	Christine Jennings	88568	926	+1	62	920	69	929	71	928	66	952	268	$400
21	240.00	Sarah Hokom	34563	968	+1	58	957	73	897	70	936	67	944	268	$400
23	228.00	Heather Young	100965	953	+2	63	911	70	921	67	958	69	929	269	$360
24	222.00	Callie McMorran	64751	933	+8	60	939	67	944	73	913	75	881	275	$340
25	216.00	Sarah Gilpin	87338	938	+5	60	939	72	905	71	928			203	
25	216.00	Henna Blomroos	59227	973	+5	60	939	70	921	73	913			203	
25	216.00	Deann Carey	66842	934	+5	58	957	72	905	73	913			203	
25	216.00	Ellen Widboom	58276	930	+5	63	911	66	952	74	906			203	
29	192.00	Raven Klein	138272	893	+6	63	911	67	944	74	906			204	
29	192.00	Stacie Hass	124963	912	+6	60	939	68	936	76	891			204	
29	192.00	Erika Stinchcomb	71262	932	+6	58	957	68	936	78	876			204	
29	192.00	Kona Star Panis	27832	949	+6	62	920	63	976	79	868			204	
33	168.00	Cynthia Ricciotti	75029	911	+7	64	902	72	905	69	943			205	
34	162.00	Hope C. Brown	62397	862	+8	58	957	67	944	81	853			206	
35	156.00	Jordan Bernelot Moens	86370	886	+9	61	930	71	913	75	898			207	
36	150.00	Sami Keddington	52010	896	+11	62	920	76	873	71	928			209	
36	150.00	Zoe AnDyke	39504	924	+11	65	892	72	905	72	921			209	
38	138.00	Holly Finley	51277	941	+12	63	911	79	850	68	951			210	
38	138.00	Chelsea Howells	131574	859	+12	68	864	73	897	69	943			210	
38	138.00	Vanessa Van Dyken	62325	927	+12	58	957	81	834	71	928			210	
41	120.00	Katie Belty	106422	884	+13	63	911	71	913	77	883			211	
41	120.00	Madison Tomaino	60798	924	+13	62	920	71	913	78	876			211	
43	108.00	Elyse Reveles	109383	906	+14	63	911	74	889	75	898			212	
44	102.00	Karissa Dedmon	176481	902	+15	66	883	72	905	75	898			213	
44	102.00	Chantel Budinsky	130342	900	+15	69	855	67	944	77	883			213	
46	90.00	Danielle Kleidon	146137	905	+16	61	930	79	850	74	906			214	
47	84.00	Sandra Richardson	56987	888	+17	72	827	68	936	75	898			215	
47	84.00	Leah Tsinajinnie	139109	888	+17	64	902	74	889	77	883			215	
49	72.00	Laura Mason	138571	867	+21	70	846	71	913	78	876			219	
50	66.00	Tiger Borth	78232	908	+22	66	883	84	810	70	936			220	
50	66.00	Kat Johnson	130187	875	+22	69	855	73	897	78	876			220	
52	54.00	Melody Castruita	50171	894	+23	71	836	77	866	73	913			221	
53	48.00	Andrea Cammack	87443	864	+25	61	930	86	795	76	891			223	
53	48.00	Jill Norwick	142944	905	+25	63	911	82	826	78	876			223	
53	48.00	Danielle Weigandt	69584	856	+25	70	846	69	929	84	830			223	
56	30.00	Marissa Kula	110845	846	+36	69	855	82	826	83	838			234	
57	24.00	Amber Chiasson	158086	841	+53	73	818	93	740	85	823			251	
58	18.00	Dani Cox	62532	828	+54	79	762	84	810	89	793			252	
59	12.00	Samii The Tutu Maes	84007	694	+70	75	799	95	724	98	725			268	
60	0.00	Natalie Ryan	114560	943		55	985	75	881	999				DNF

WACO
3
1	282.00	Valerie Mandujano	62879	952	-9	68	980	64	981	60	1011	192	$4,000
2	276.00	Kristin Tattar	73986	977	-5	69	974	64	981	63	988	196	$2,400
3	270.00	Catrina Allen	44184	971	-2	69	974	71	928	59	1018	199	$1,800
4	264.00	Kat Mertsch	99455	931	-1	69	974	67	958	64	981	200	$1,300
4	264.00	Ohn Scoggins	48976	961	-1	68	980	64	981	68	950	200	$1,300
6	252.00	Henna Blomroos	59227	968	E	72	954	65	973	64	981	201	$960
6	252.00	Macie Velediaz	104187	942	E	69	974	64	981	68	950	201	$960
6	252.00	Paige Pierce	29190	980	E	67	987	66	966	68	950	201	$960
9	234.00	Eveliina Salonen	64927	976	+1	63	1014	67	958	72	920	202	$750
10	228.00	Maria Oliva	63257	934	+2	73	947	64	981	66	966	203	$675
10	228.00	Holly Finley	51277	941	+2	71	960	64	981	68	950	203	$675
12	216.00	Missy Gannon	85942	957	+3	76	927	64	981	64	981	204	$600
13	210.00	Rebecca Cox	32917	930	+4	69	974	68	950	68	950	205	$575
14	204.00	Vanessa Van Dyken	62325	929	+6	74	940	67	958	66	966	207	$538
14	204.00	Alexis Mandujano	62880	945	+6	73	947	65	973	69	943	207	$538
16	192.00	Sarah Hokom	34563	965	+7	70	967	70	935	68	950	208	$500
17	186.00	Cynthia Ricciotti	75029	912	+8	80	900	64	981	65	973	209	$448
17	186.00	Ella Hansen	144112	941	+8	73	947	67	958	69	943	209	$448
17	186.00	Holyn Handley	133547	939	+8	69	974	68	950	72	920	209	$448
20	168.00	Madison Walker	59431	934	+9	72	954	71	928	67	958	210	$380
20	168.00	Natalie Ryan	114560	941	+9	72	954	70	935	68	950	210	$380
22	156.00	Deann Carey	66842	935	+10	69	974	70	935	72	920	211	$330
22	156.00	Heather Young	100965	950	+10	70	967	68	950	73	913	211	$330
24	144.00	Ellen Widboom	58276	928	+12	72	954	71	928	70	935	213	$300
25	138.00	Keiti Tätte	94085	937	+14	79	907	68	950	68	950	215	
26	132.00	Erika Stinchcomb	71262	931	+15	79	907	67	958	70	935	216	
26	132.00	Lisa Fajkus	32654	946	+15	74	940	72	920	70	935	216	
28	120.00	Jessica Weese	50656	948	+16	77	920	69	943	71	928	217	
29	114.00	Emily Beach	61144	937	+17	78	913	72	920	68	950	218	
29	114.00	Callie McMorran	64751	931	+17	71	960	68	950	79	868	218	
31	102.00	Stacie Hass	124963	914	+18	75	933	69	943	75	898	219	
32	96.00	Krissie Fountain	73693	912	+19	75	933	75	898	70	935	220	
33	90.00	Kona Star Panis	27832	948	+21	76	927	73	913	73	913	222	
33	90.00	Elaine King	3090	918	+21	72	954	76	890	74	905	222	
35	78.00	Stephanie Vincent	29947	935	+22	82	886	70	935	71	928	223	
35	78.00	Christina Linthicum	50045	916	+22	76	927	75	898	72	920	223	
37	66.00	Lydia Lyons	58968	898	+26	77	920	76	890	74	905	227	
38	60.00	Briana Ainsley	69890	897	+27	75	933	76	890	77	883	228	
38	60.00	Tiger Borth	78232	907	+27	76	927	70	935	82	845	228	
40	48.00	Aria Castruita	105126	902	+28	78	913	72	920	79	868	229	
41	42.00	Casey Pennington	74708	908	+29	82	886	70	935	78	875	230	
41	42.00	Chloe Alice	85635	918	+29	78	913	74	905	78	875	230	
43	30.00	Carli Charron	74947	882	+30	84	873	70	935	77	883	231	
44	24.00	Des Reading	15863	923	+31	82	886	76	890	74	905	232	
44	24.00	Hanna Huynh	112647	883	+31	87	853	65	973	80	860	232	
46	12.00	Leah Tsinajinnie	139109	891	+35	81	893	72	920	83	837	236	
47	6.00	Melody Castruita	50171	892	+38	86	860	72	920	81	852	239

The Open at Austin
3
1	228.00	Catrina Allen	44184	971	-16	62	979	58	991	62	979	182	$1,660
2	222.00	Valerie Mandujano	62879	952	-15	64	963	61	965	58	1011	183	$1,150
3	216.00	Kristin Tattar	73986	977	-14	61	987	60	973	63	971	184	$845
4	210.00	Jessica Weese	50656	948	-9	67	939	59	982	63	971	189	$720
5	204.00	Lisa Fajkus	32654	946	-8	67	939	59	982	64	963	190	$550
5	204.00	Holyn Handley	133547	939	-8	61	987	62	956	67	939	190	$550
7	192.00	Heather Young	100965	950	-6	65	955	62	956	65	955	192	$435
7	192.00	Ohn Scoggins	48976	961	-6	64	963	60	973	68	931	192	$435
9	180.00	Sarah Hokom	34563	965	-4	67	939	60	973	67	939	194	$360
9	180.00	Rebecca Cox	32917	930	-4	61	987	65	931	68	931	194	$360
11	168.00	Alexis Mandujano	62880	945	-3	59	1003	66	922	70	916	195	$315
12	162.00	Maria Oliva	63257	934	-1	63	971	60	973	74	884	197	$285
13	156.00	Casey Pennington	74708	908	E	71	908	62	956	65	955	198	$250
13	156.00	Ella Hansen	144112	941	E	69	924	61	965	68	931	198	$250
13	156.00	Cynthia Ricciotti	75029	912	E	64	963	65	931	69	924	198	$250
16	138.00	Kat Mertsch	99455	931	+1	63	971	68	905	68	931	199	$210
17	132.00	Elaine King	3090	918	+2	66	947	65	931	69	924	200	$200
18	126.00	Stacie Hass	124963	914	+3	73	892	62	956	66	947	201	$125
18	126.00	Emily Beach	61144	937	+3	67	939	66	922	68	931	201	$125
18	126.00	Kona Star Panis	27832	948	+3	67	939	64	939	70	916	201	$125
21	108.00	Chloe Alice	85635	918	+4	69	924	67	914	66	947	202	
21	108.00	Aria Castruita	105126	902	+4	69	924	66	922	67	939	202	
21	108.00	Deann Carey	66842	935	+4	64	963	68	905	70	916	202	
24	90.00	Stephanie Vincent	29947	935	+5	68	931	66	922	69	924	203	
24	90.00	Keiti Tätte	94085	937	+5	63	971	70	888	70	916	203	
26	78.00	Vanessa Van Dyken	62325	929	+6	71	908	66	922	67	939	204	
26	78.00	Holly Finley	51277	941	+6	64	963	69	897	71	908	204	
28	66.00	Stacie Rawnsley	122208	922	+7	69	924	68	905	68	931	205	
29	60.00	Lydia Lyons	58968	898	+8	71	908	67	914	68	931	206	
29	60.00	Zoe AnDyke	39504	918	+8	67	939	64	939	75	876	206	
31	48.00	Ellen Widboom	58276	928	+12	70	916	65	931	75	876	210	
32	42.00	Leah Tsinajinnie	139109	891	+13	72	900	70	888	69	924	211	
33	36.00	Erika Stinchcomb	71262	931	+18	73	892	70	888	73	892	216	
34	30.00	Hanna Huynh	112647	883	+20	75	876	72	871	71	908	218	
35	24.00	Melody Castruita	50171	892	+21	77	860	69	897	73	892	219	
36	18.00	Katie Belty	106422	887	+22	75	876	71	879	74	884	220	
37	12.00	Tiger Borth	78232	907	+29	76	868	78	820	73	892	227	
38	0.00	Natalie Ryan	114560	941		73	892	62	956	999		DNF

Texas State Disc Golf Championships
3
1	282.00	Paige Pierce	29190	980	-17	58	1016	63	977	63	977	184	$4,000
2	276.00	Kristin Tattar	73986	977	-13	63	977	63	977	62	985	188	$2,150
2	276.00	Catrina Allen	44184	971	-13	62	985	64	969	62	985	188	$2,150
4	264.00	Valerie Mandujano	62879	952	-8	65	961	65	961	63	977	193	$1,400
5	258.00	Missy Gannon	85942	957	-7	63	977	67	946	64	969	194	$1,163
5	258.00	Ohn Scoggins	48976	961	-7	65	961	64	969	65	961	194	$1,163
7	246.00	Henna Blomroos	59227	968	-6	67	946	67	946	61	993	195	$1,000
8	240.00	Kat Mertsch	99455	931	-5	64	969	64	969	68	938	196	$850
8	240.00	Maria Oliva	63257	934	-5	65	961	62	985	69	930	196	$850
10	228.00	Kona Star Panis	27832	948	-4	67	946	68	938	62	985	197	$688
10	228.00	Jessica Weese	50656	948	-4	69	930	64	969	64	969	197	$688
12	216.00	Sarah Hokom	34563	965	-3	67	946	65	961	66	954	198	$575
13	210.00	Holyn Handley	133547	939	-2	69	930	66	954	64	969	199	$525
13	210.00	Keiti Tätte	94085	937	-2	66	954	66	954	67	946	199	$525
15	198.00	Emily Beach	61144	937	E	69	930	67	946	65	961	201	$465
15	198.00	Lisa Fajkus	32654	946	E	69	930	65	961	67	946	201	$465
17	186.00	Aria Castruita	105126	902	+1	72	907	63	977	67	946	202	$420
17	186.00	Stacie Rawnsley	122208	922	+1	71	914	63	977	68	938	202	$420
19	174.00	Chloe Alice	85635	918	+2	73	899	65	961	65	961	203	$380
19	174.00	Vanessa Van Dyken	62325	929	+2	66	954	68	938	69	930	203	$380
21	162.00	Stephanie Vincent	29947	935	+3	70	922	67	946	67	946	204	$340
21	162.00	Alexis Mandujano	62880	945	+3	67	946	68	938	69	930	204	$340
23	150.00	Rebecca Cox	32917	930	+4	70	922	69	930	66	954	205	$306
23	150.00	Heather Young	100965	950	+4	69	930	68	938	68	938	205	$306
25	138.00	Casey Pennington	74708	908	+6	72	907	69	930	66	954	207	
26	132.00	Elaine King	3090	918	+7	70	922	70	922	68	938	208	
27	126.00	Eveliina Salonen	64927	976	+8	71	914	74	891	64	969	209	
27	126.00	Cynthia Ricciotti	75029	912	+8	68	938	73	899	68	938	209	
27	126.00	Ella Hansen	144112	941	+8	71	914	69	930	69	930	209	
30	108.00	Stacie Hass	124963	914	+10	65	961	73	899	73	899	211	
30	108.00	Des Reading	15863	923	+10	69	930	68	938	74	891	211	
32	96.00	Hanna Huynh	112647	883	+11	76	875	65	961	71	914	212	
32	96.00	Holly Finley	51277	941	+11	65	961	69	930	78	860	212	
34	84.00	Deann Carey	66842	935	+13	70	922	74	891	70	922	214	
35	78.00	Sandra Richardson	56987	888	+14	73	899	72	907	70	922	215	
36	72.00	Lydia Lyons	58968	898	+15	75	883	72	907	69	930	216	
37	66.00	Leah Tsinajinnie	139109	891	+16	74	891	70	922	73	899	217	
38	60.00	Sami Keddington	52010	903	+17	74	891	68	938	76	875	218	
39	54.00	Madison Walker	59431	934	+18	76	875	75	883	68	938	219	
40	48.00	Tiger Borth	78232	907	+20	71	914	79	852	71	914	221	
41	42.00	Erika Stinchcomb	71262	931	+22	74	891	78	860	71	914	223	
42	36.00	Melody Castruita	50171	892	+25	76	875	78	860	72	907	226	
43	30.00	Katie Belty	106422	887	+28	79	852	76	875	74	891	229	
44	24.00	Alyssa Pierson	122118	847	+30	74	891	74	891	83	820	231	
45	18.00	Danielle Weigandt	69584	860	+34	77	867	80	844	78	860	235	
46	12.00	Courtney Cannon	70634	902	+37	74	891	88	781	76	875	238	
47	0.00	Christina Linthicum	50045	916		72	907	999				DNF	

Music City Open
3
1	204.00	Missy Gannon	85942	957	-6	60	999	64	967	65	959	189	$1,250
2	198.00	Kat Mertsch	99455	931	-2	64	967	65	959	64	967	193	$1,000
3	192.00	Macie Velediaz	104187	942	-1	64	967	61	991	69	928	194	$840
4	186.00	Deann Carey	66842	935	E	65	959	63	975	67	943	195	$648
4	186.00	Holly Finley	51277	941	E	64	967	64	967	67	943	195	$648
4	186.00	Henna Blomroos	59227	968	E	62	983	65	959	68	936	195	$648
7	168.00	Natalie Ryan	114560	941	+1	64	967	64	967	68	936	196	$500
8	162.00	Emily Beach	61144	937	+3	69	928	67	943	62	983	198	$450
9	156.00	Jessica Weese	50656	948	+4	67	943	71	912	61	991	199	$400
10	150.00	Rebecca Cox	32917	930	+9	76	872	67	943	61	991	204	$338
10	150.00	Eveliina Salonen	64927	976	+9	68	936	60	999	76	872	204	$338
12	138.00	Ella Hansen	144112	941	+11	66	951	69	928	71	912	206	$300
13	132.00	Maria Oliva	63257	934	+12	75	880	68	936	64	967	207	$270
13	132.00	Raven Klein	138272	896	+12	70	920	72	904	65	959	207	$270
15	120.00	Stacie Hass	124963	914	+16	73	896	68	936	70	920	211	$229
15	120.00	Erika Stinchcomb	71262	931	+16	70	920	69	928	72	904	211	$229
17	108.00	Hannah Manis	130822	897	+17	76	872	66	951	70	920	212	$200
18	102.00	Sara Sinclair	41012	902	+18	72	904	72	904	69	928	213	
19	96.00	Tiger Borth	78232	907	+20	72	904	72	904	71	912	215	
20	90.00	Stacie Rawnsley	122208	922	+21	77	864	66	951	73	896	216	
20	90.00	Leah Tsinajinnie	139109	891	+21	71	912	71	912	74	888	216	
22	78.00	Lindsay Fish	32925	899	+22	77	864	70	920	70	920	217	
22	78.00	Ali Smith	147050	898	+22	73	896	72	904	72	904	217	
24	66.00	Hanna Huynh	112647	883	+23	76	872	70	920	72	904	218	
25	60.00	Lori Merriman	35616	903	+25	75	880	71	912	74	888	220	
25	60.00	Sandra Richardson	56987	888	+25	75	880	71	912	74	888	220	
27	48.00	Katie Belty	106422	887	+27	76	872	68	936	78	857	222	
28	42.00	Christine Jennings	88568	926	+31	75	880	71	912	80	841	226	
29	36.00	Nina Guerrero	140947	837	+35	79	849	78	857	73	896	230	
30	30.00	Cassandra Lioi	83376	894	+42	75	880	76	872	86	793	237	
31	24.00	Erin Hausch	129843	836	+43	82	825	75	880	81	833	238	
32	18.00	Liz Torok	100817	879	+48	89	770	79	849	75	880	243	
33	12.00	Megan Dophal	139738	832	+65	88	778	93	738	79	849	260	
34	0.00	Cynthia Ricciotti	75029	912		999						DNF

Blue Ridge Championship
9

Champions Cup
4
1	360.00	Paige Pierce	29190	982	-9	68	960	64	989	64	1012	67	967	263	$8,000
2	351.00	Kristin Tattar	73986	980	-7	65	982	63	996	68	986	69	953	265	$4,750
3	342.00	Sarah Hokom	34563	958	-4	66	975	70	945	67	992	65	982	268	$3,500
4	333.00	Ohn Scoggins	48976	962	-2	69	953	66	975	70	973	65	982	270	$2,800
5	324.00	Catrina Allen	44184	972	E	68	960	71	938	72	959	61	1011	272	$2,400
6	315.00	Valerie Mandujano	62879	958	+1	71	938	64	989	71	966	67	967	273	$2,100
7	306.00	Alexis Mandujano	62880	948	+3	66	975	68	960	74	946	67	967	275	$1,900
8	297.00	Natalie Ryan	114560	942	+4	72	931	67	967	72	959	65	982	276	$1,567
8	297.00	Kona Star Panis	27832	945	+4	70	945	68	960	69	979	69	953	276	$1,567
8	297.00	Missy Gannon	85942	960	+4	67	967	69	953	71	966	69	953	276	$1,567
11	270.00	Hailey King	81351	970	+5	64	989	69	953	75	940	69	953	277	$1,315
11	270.00	Henna Blomroos	59227	970	+5	70	945	66	975	71	966	70	945	277	$1,315
13	252.00	Jennifer Allen	15354	957	+6	68	960	69	953	73	953	68	960	278	$1,200
14	243.00	Lisa Fajkus	32654	947	+7	68	960	68	960	75	940	68	960	279	$1,086
14	243.00	Kat Mertsch	99455	940	+7	68	960	68	960	73	953	70	945	279	$1,086
16	225.00	Emily Beach	61144	939	+8	74	916	72	931	71	966	63	996	280	$500
16	225.00	Eveliina Salonen	64927	972	+8	65	982	71	938	74	946	70	945	280	$500
18	207.00	Lykke Lorentzen	99441	922	+9	70	945	71	938	71	966	69	953	281	
18	207.00	Chloe Alice	85635	921	+9	67	967	68	960	75	940	71	938	281	
18	207.00	Maria Oliva	63257	940	+9	67	967	69	953	71	966	74	916	281	
21	180.00	Macie Velediaz	104187	946	+10	67	967	74	916	69	979	72	931	282	
22	171.00	Aria Castruita	105126	915	+11	68	960	72	931	75	940	68	960	283	
22	171.00	Vanessa Van Dyken	62325	934	+11	69	953	69	953	72	959	73	924	283	
24	153.00	Holly Finley	51277	942	+12	64	989	72	931	81	900	67	967	284	
25	144.00	Madison Walker	59431	931	+13	69	953	73	924	69	979	74	916	285	
26	135.00	Ali Smith	147050	901	+15	70	945	73	924	75	940	69	953	287	
27	126.00	Anniken Steen	109996	919	+19	73	924	74	916	73	953	71	938	291	
28	117.00	Keiti Tätte	94085	938	+20	72	931	72	931	79	914	69	953	292	
28	117.00	Ella Hansen	144112	939	+20	70	945	74	916	75	940	73	924	292	
30	99.00	Stacie Hass	124963	922	+21	71	938	74	916	74	946	74	916	293	
31	90.00	Ellen Widboom	58276	928	+22	69	953	79	880	76	933	70	945	294	
31	90.00	Rebecca Cox	32917	932	+22	73	924	68	960	81	900	72	931	294	
33	72.00	Jessica Weese	50656	950	+23	72	931	73	924	76	933	74	916	295	
34	63.00	Cynthia Ricciotti	75029	917	+24	73	924	69	953	75	940	79	880	296	
35	54.00	Erika Stinchcomb	71262	923	+25	73	924	76	902	75	940	73	924	297	
36	45.00	Stacie Rawnsley	122208	925	+29	73	924	72	931	83	887	73	924	301	
37	36.00	Deann Carey	66842	938	+32	71	938	79	880	86	868	68	960	304	
38	27.00	Zoe AnDyke	39504	917	+38	76	902	78	887	77	927	79	880	310	
39	18.00	Leah Tsinajinnie	139109	893	+44	72	931	79	880	85	874	80	872	316	
40	9.00	Melody Castruita	50171	887	+50	79	880	80	872	86	868	77	894	322

Jonesboro Open
3
1	264.00	Kristin Tattar	73986	980	-24	56	1018	60	1006	58	1002	174	$4,500
2	258.00	Missy Gannon	85942	960	-14	61	977	62	991	61	977	184	$3,000
3	252.00	Ella Hansen	144112	939	-12	60	985	64	976	62	969	186	$1,750
3	252.00	Kat Mertsch	99455	940	-12	59	994	64	976	63	961	186	$1,750
5	240.00	Holyn Handley	133547	941	-11	62	969	66	960	59	994	187	$1,180
5	240.00	Catrina Allen	44184	972	-11	65	944	62	991	60	985	187	$1,180
7	228.00	Paige Pierce	29190	982	-9	66	936	65	968	58	1002	189	$955
7	228.00	Valerie Mandujano	62879	958	-9	63	961	65	968	61	977	189	$955
9	216.00	Lisa Fajkus	32654	947	-8	62	969	66	960	62	969	190	$815
10	210.00	Hailey King	81351	970	-5	64	952	66	960	63	961	193	$690
10	210.00	Alexis Mandujano	62880	948	-5	63	961	65	968	65	944	193	$690
12	198.00	Sarah Hokom	34563	958	-4	66	936	67	952	61	977	194	$580
12	198.00	Stacie Rawnsley	122208	925	-4	63	961	62	991	69	911	194	$580
14	186.00	Jennifer Allen	15354	957	-2	63	961	72	914	61	977	196	$500
14	186.00	Deann Carey	66842	938	-2	65	944	66	960	65	944	196	$500
16	174.00	Kona Star Panis	27832	945	-1	66	936	68	945	63	961	197	$420
16	174.00	Lykke Lorentzen	99441	922	-1	64	952	67	952	66	936	197	$420
18	162.00	Keiti Tätte	94085	938	E	67	928	67	952	64	952	198	$380
19	156.00	Macie Velediaz	104187	946	+1	65	944	72	914	62	969	199	$360
20	150.00	Emily Beach	61144	939	+2	65	944	71	922	64	952	200	$340
21	144.00	Vanessa Van Dyken	62325	934	+3	64	952	74	899	63	961	201	$315
21	144.00	Madison Walker	59431	931	+3	67	928	69	937	65	944	201	$315
23	132.00	Christine Jennings	88568	928	+4	70	903	69	937	63	961	202	
23	132.00	Stacie Hass	124963	922	+4	67	928	71	922	64	952	202	
25	120.00	Cynthia Ricciotti	75029	917	+5	67	928	66	960	70	903	203	
26	114.00	Natalie Ryan	114560	942	+6	66	936	68	945	70	903	204	
27	108.00	Raven Klein	138272	903	+7	75	862	69	937	61	977	205	
28	102.00	Rebecca Cox	32917	932	+8	69	911	72	914	65	944	206	
29	96.00	Alex Benson	96030	937	+9	69	911	65	968	73	878	207	
30	90.00	Aria Castruita	105126	915	+10	71	895	74	899	63	961	208	
30	90.00	Holly Finley	51277	942	+10	65	944	70	929	73	878	208	
32	78.00	Zoe AnDyke	39504	917	+12	66	936	78	868	66	936	210	
33	72.00	Erika Stinchcomb	71262	923	+13	72	886	70	929	69	911	211	
33	72.00	Callie McMorran	64751	929	+13	71	895	69	937	71	895	211	
33	72.00	Maria Oliva	63257	940	+13	68	919	72	914	71	895	211	
36	54.00	Danielle Kleidon	146137	910	+14	71	895	73	906	68	919	212	
37	48.00	Hanna Huynh	112647	895	+15	72	886	77	876	64	952	213	
37	48.00	Lydia Lyons	58968	905	+15	73	878	70	929	70	903	213	
39	36.00	Lori Merriman	35616	901	+19	71	895	75	891	71	895	217	
40	30.00	Des Reading	15863	922	+20	70	903	74	899	74	870	218	
40	30.00	Sandra Richardson	56987	895	+20	70	903	74	899	74	870	218	
42	18.00	Tiger Borth	78232	900	+22	76	853	74	899	70	903	220	
43	12.00	Rebekah Kersey	47406	903	+23	72	886	79	860	70	903	221	
44	6.00	Leah Tsinajinnie	139109	893	+24	74	870	78	868	70	903	222

OTB Open
3
1	282.00	Paige Pierce	29190	981	-11	67	999	58	1030	68	956	193	$5,500
2	276.00	Natalie Ryan	114560	945	-7	68	993	66	970	63	993	197	$3,280
3	270.00	Juliana Korver	7438	938	-3	74	955	63	993	64	985	201	$2,000
4	264.00	Ella Hansen	144112	943	-1	71	974	67	963	65	978	203	$1,425
4	264.00	Alexis Mandujano	62880	950	-1	69	987	67	963	67	963	203	$1,425
6	252.00	Missy Gannon	85942	962	+1	72	968	64	985	69	948	205	$1,250
7	246.00	Ohn Scoggins	48976	964	+3	73	962	68	956	66	970	207	$1,120
7	246.00	Jennifer Allen	15354	956	+3	70	981	65	978	72	926	207	$1,120
9	234.00	Catrina Allen	44184	974	+4	74	955	68	956	66	970	208	$960
9	234.00	Holyn Handley	133547	943	+4	69	987	70	941	69	948	208	$960
11	222.00	Emily Beach	61144	945	+5	75	949	68	956	66	970	209	$850
12	216.00	Valerie Mandujano	62879	960	+6	69	987	69	948	72	926	210	$780
13	210.00	Kona Star Panis	27832	947	+8	72	968	71	933	69	948	212	$720
14	204.00	Jessica Weese	50656	949	+9	77	936	68	956	68	956	213	$610
14	204.00	Alex Benson	96030	931	+9	76	943	68	956	69	948	213	$610
14	204.00	Sarah Hokom	34563	958	+9	75	949	69	948	69	948	213	$610
14	204.00	Maria Oliva	63257	939	+9	78	930	64	985	71	933	213	$610
18	180.00	Kat Mertsch	99455	945	+10	80	917	68	956	66	970	214	$495
18	180.00	Lisa Fajkus	32654	949	+10	73	962	68	956	73	919	214	$495
20	168.00	Vanessa Van Dyken	62325	936	+12	76	943	67	963	73	919	216	$450
21	162.00	Danielle Kleidon	146137	911	+13	72	968	72	926	73	919	217	$420
22	156.00	Elyse Reveles	109383	914	+14	78	930	70	941	70	941	218	$390
23	150.00	Hailey King	81351	971	+16	74	955	78	882	68	956	220	$370
24	144.00	Callie McMorran	64751	925	+20	79	924	71	933	74	911	224	$116
24	144.00	Nicole Bradley	51229	929	+20	73	962	74	911	77	889	224	$116
24	144.00	Ellen Widboom	58276	929	+20	74	955	72	926	78	882	224	$116
27	126.00	Erika Stinchcomb	71262	921	+21	76	943	74	911	75	904	225	
28	120.00	Madison Tomaino	60798	914	+22	81	911	73	919	72	926	226	
28	120.00	Cynthia Ricciotti	75029	922	+22	76	943	76	896	74	911	226	
30	108.00	Deann Carey	66842	938	+25	80	917	76	896	73	919	229	
31	102.00	Alex von Stade	82809	882	+28	87	873	72	926	73	919	232	
32	96.00	Lindsay Fish	32925	899	+29	88	867	75	904	70	941	233	
33	90.00	Ruby Reyes	113579	894	+31	94	829	69	948	72	926	235	
33	90.00	Carolina Reaper Halstead	113817	881	+31	87	873	75	904	73	919	235	
35	78.00	Chelsea Howells	131574	870	+32	78	930	80	867	78	882	236	
36	72.00	Leah Tsinajinnie	139109	893	+34	79	924	79	874	80	867	238	
37	66.00	Bayli Miller	79014	870	+35	83	899	81	859	75	904	239	
37	66.00	Sandra Richardson	56987	894	+35	89	861	74	911	76	896	239	
39	54.00	Jenna Weiner	126470	866	+38	83	899	76	896	83	845	242	
40	48.00	Jessica Oleskie	64840	859	+39	79	924	83	845	81	859	243	
41	42.00	Hanna Huynh	112647	907	+40	83	899	84	837	77	889	244	
42	36.00	Erica Shepich	83249	868	+42	90	854	81	859	75	904	246	
43	30.00	Sami Osterberg	137289	845	+45	87	873	81	859	81	859	249	
44	24.00	Nathalie Ortiz	133701	845	+51	97	810	80	867	78	882	255	
45	18.00	Ronit Taggart	128648	852	+53	88	867	86	822	83	845	257	
46	12.00	Serenity Madison	26720	874	+55	96	816	85	830	78	882	259	
47	6.00	Casey Della Penna	102277	875	+58	94	829	76	896	92	778	262	

Beaver State Fling
3
1	234.00	Valerie Mandujano	62879	960	-11	59	982	61	978	57	999	177	$2,000
2	228.00	Catrina Allen	44184	974	-7	59	982	57	1011	65	931	181	$1,500
3	222.00	Ohn Scoggins	48976	964	-6	58	990	62	969	62	956	182	$1,000
4	216.00	Rebecca Cox	32917	934	-4	59	982	62	969	63	948	184	$750
5	210.00	Sarah Hokom	34563	958	-3	56	1007	66	936	63	948	185	$625
5	210.00	Kat Mertsch	99455	945	-3	59	982	62	969	64	939	185	$625
7	198.00	Maria Oliva	63257	939	E	61	965	65	945	62	956	188	$550
8	192.00	Vanessa Van Dyken	62325	936	+2	64	939	65	945	61	965	190	$475
8	192.00	Jennifer Allen	15354	956	+2	63	948	66	936	61	965	190	$475
10	180.00	Ella Hansen	144112	943	+3	64	939	62	969	65	931	191	$400
11	174.00	Sai Ananda	58303	950	+4	61	965	68	920	63	948	192	$375
12	168.00	Lykke Lorentzen	99441	933	+5	65	931	64	953	64	939	193	$350
13	162.00	Jessica Weese	50656	949	+6	64	939	69	912	61	965	194	$300
13	162.00	Alexis Mandujano	62880	950	+6	62	956	65	945	67	913	194	$300
13	162.00	Kona Star Panis	27832	947	+6	60	973	66	936	68	905	194	$300
16	144.00	Madison Tomaino	60798	914	+7	65	931	66	936	64	939	195	$250
16	144.00	Juliana Korver	7438	938	+7	62	956	64	953	69	896	195	$250
18	132.00	Hanna Huynh	112647	907	+8	64	939	68	920	64	939	196	$220
19	126.00	Ellen Widboom	58276	929	+9	61	965	69	912	67	913	197	$200
20	120.00	Zoe AnDyke	39504	914	+10	66	922	70	903	62	956	198	$100
20	120.00	Kristine King	27725	903	+10	62	956	69	912	67	913	198	$100
22	108.00	Alex Benson	96030	931	+11	67	913	66	936	66	922	199	
22	108.00	Madison Walker	59431	935	+11	61	965	67	928	71	879	199	
24	96.00	Deann Carey	66842	938	+12	70	888	67	928	63	948	200	
25	90.00	Leah Tsinajinnie	139109	893	+14	68	905	65	945	69	896	202	
25	90.00	Danielle Kleidon	146137	911	+14	68	905	65	945	69	896	202	
27	78.00	Julie Moens	113154	928	+15	64	939	71	895	68	905	203	
27	78.00	Cynthia Ricciotti	75029	922	+15	66	922	64	953	73	862	203	
29	66.00	Holly Finley	51277	939	+16	61	965	76	854	67	913	204	
30	60.00	Danielle Keen	102024	887	+18	66	922	70	903	70	888	206	
31	54.00	Amy Lewis	61950	898	+20	70	888	68	920	70	888	208	
31	54.00	Alison Mabbutt	81569	886	+20	68	905	69	912	71	879	208	
33	42.00	Kathryn Tang	168150	899	+22	71	879	76	854	63	948	210	
34	36.00	Ashlyn Tahlier	141044	892	+24	70	888	69	912	73	862	212	
35	30.00	Melo King Waibel	29858	908	+26	64	939	74	870	76	837	214	
36	24.00	Jamie Hoover Peterson	160816	878	+27	67	913	78	838	70	888	215	
36	24.00	Hannah McBeth	66939	904	+27	70	888	70	903	75	845	215	
38	12.00	Sara Taylor	116986	900	+30	69	896	74	870	75	845	218	
39	0.00	Natalie Ryan	114560	945		66	922	999				DNF

Cascade Challenge
9

Zoo Town Open
9

Dynamic Discs Open
4
1	294.00	Kristin Tattar	73986	980	E	73	939	61	1020	71	990	67	981	272	$5,000
2	288.00	Catrina Allen	44184	972	+1	71	953	69	964	69	1001	64	1001	273	$3,180
3	282.00	Ella Hansen	144112	939	+8	76	919	70	957	68	1007	66	987	280	$1,750
3	282.00	Emily Beach	61144	939	+8	69	967	68	971	75	967	68	974	280	$1,750
5	270.00	Paige Pierce	29190	982	+9	65	995	73	936	75	967	68	974	281	$1,300
6	264.00	Hailey King	81351	970	+11	68	974	66	985	79	944	70	960	283	$1,200
7	258.00	Valerie Mandujano	62879	958	+13	70	960	69	964	74	972	72	946	285	$1,100
8	252.00	Macie Velediaz	104187	946	+14	67	981	74	929	76	961	69	967	286	$963
8	252.00	Madison Walker	59431	931	+14	73	939	66	985	76	961	71	953	286	$963
10	240.00	Jennifer Allen	15354	957	+15	70	960	64	999	81	932	72	946	287	$850
11	234.00	Natalie Ryan	114560	942	+17	70	960	67	978	83	920	69	967	289	$750
11	234.00	Alexis Mandujano	62880	948	+17	68	974	68	971	78	949	75	925	289	$750
13	222.00	Jessica Weese	50656	950	+18	67	981	69	964	85	909	69	967	290	$625
13	222.00	Rebecca Cox	32917	932	+18	70	960	69	964	81	932	70	960	290	$625
13	222.00	Vanessa Van Dyken	62325	934	+18	75	925	70	957	73	978	72	946	290	$625
16	204.00	Missy Gannon	85942	960	+19	69	967	74	929	74	972	74	932	291	$550
17	198.00	Cynthia Ricciotti	75029	917	+20	67	981	71	950	80	938	74	932	292	$513
17	198.00	Kat Mertsch	99455	940	+20	70	960	66	985	79	944	77	911	292	$513
19	186.00	Holyn Handley	133547	941	+21	74	932	71	950	76	961	72	946	293	$469
19	186.00	Casey Pennington	74708	909	+21	70	960	69	964	82	926	72	946	293	$469
21	174.00	Sarah Gilpin	87338	936	+23	69	967	73	936	77	955	76	918	295	$440
22	168.00	Christine Jennings	88568	928	+24	65	995	74	929	83	920	74	932	296	$430
23	162.00	Maria Oliva	63257	940	+26	70	960	70	957	80	938	78	904	298	$420
24	156.00	Chloe Alice	85635	921	+27	77	912	68	971	78	949	76	918	299	$410
25	150.00	Alex Benson	96030	937	+28	73	939	72	943	80	938	75	925	300	$400
26	144.00	Deann Carey	66842	938	+24	72	946	78	901	77	955			227	
27	138.00	Keiti Tätte	94085	938	+26	73	939	74	929	82	926			229	
28	132.00	Holly Finley	51277	942	+27	79	898	70	957	81	932			230	
28	132.00	Hanna Huynh	112647	895	+27	75	925	74	929	81	932			230	
30	120.00	Lauren Butler	65489	892	+29	76	919	77	908	79	944			232	
31	114.00	Callie McMorran	64751	929	+30	82	877	72	943	79	944			233	
31	114.00	Lykke Lorentzen	99441	922	+30	76	919	73	936	84	915			233	
33	102.00	Paige Shue	33833	918	+31	73	939	79	894	82	926			234	
34	96.00	Erika Stinchcomb	71262	923	+32	78	905	75	922	82	926			235	
35	90.00	Aria Castruita	105126	915	+33	72	946	80	887	84	915			236	
36	84.00	Alyssa Pierson	122118	848	+39	79	898	84	859	79	944			242	
36	84.00	Sandra Richardson	56987	895	+39	78	905	82	873	82	926			242	
38	72.00	Lydia Lyons	58968	905	+42	84	863	79	894	82	926			245	
39	66.00	Des Reading	15863	922	+43	79	898	83	866	84	915			246	
40	60.00	Leah Tsinajinnie	139109	893	+45	85	856	82	873	81	932			248	
41	54.00	Tiger Borth	78232	900	+48	81	884	81	880	89	886			251	
42	48.00	Liz Torok	100817	881	+50	79	898	79	894	95	851			253	
43	42.00	Nova Politte	74995	891	+56	87	843	84	859	88	891			259	
44	36.00	Melody Castruita	50171	887	+58	85	856	86	845	90	880			261	
45	30.00	Anna Pinter	106489	846	+70	90	822	90	817	93	862			273	
46	0.00	Kona Star Panis	27832	945		71	953	73	936	999				DNF	
46	0.00	Stacie Rawnsley	122208	925		76	919	73	936	999				DNF	
46	0.00	Raven Klein	138272	903		75	925	83	866	999				DNF	
49	0.00	Kimberly Giannola	76910	905		999								DNF	

Des Moines Challenge
3
1	294.00	Kristin Tattar	73986	978	-15	55	1033	63	979	59	991	177	$7,000
2	288.00	Eveliina Salonen	64927	967	-11	61	984	61	995	59	991	181	$4,000
3	282.00	Macie Velediaz	104187	953	-7	62	976	63	979	60	983	185	$2,450
4	276.00	Kat Mertsch	99455	953	-4	61	984	66	956	61	975	188	$2,000
5	270.00	Sarah Hokom	34563	962	-2	66	944	63	979	61	975	190	$1,615
5	270.00	Erika Stinchcomb	71262	917	-2	62	976	66	956	62	966	190	$1,615
5	270.00	Paige Pierce	29190	975	-2	64	960	62	987	64	950	190	$1,615
8	252.00	Kona Star Panis	27832	941	-1	64	960	69	933	58	1000	191	$1,400
9	246.00	Henna Blomroos	59227	965	E	67	936	65	964	60	983	192	$1,250
9	246.00	Heidi Laine	66599	947	E	64	960	64	972	64	950	192	$1,250
11	234.00	Valerie Mandujano	62879	970	+1	62	976	67	948	64	950	193	$1,050
11	234.00	Catrina Allen	44184	972	+1	62	976	66	956	65	941	193	$1,050
13	222.00	Missy Gannon	85942	966	+3	67	936	68	941	60	983	195	$850
13	222.00	Cynthia Ricciotti	75029	925	+3	61	984	69	933	65	941	195	$850
15	210.00	Rebecca Cox	32917	945	+4	63	968	69	933	64	950	196	$670
15	210.00	Jessica Weese	50656	948	+4	66	944	62	987	68	916	196	$670
17	198.00	Madison Walker	59431	940	+6	65	952	67	948	66	933	198	$590
17	198.00	Emily Beach	61144	949	+6	67	936	63	979	68	916	198	$590
19	186.00	Sarah Gilpin	87338	933	+7	64	960	67	948	68	916	199	$550
20	180.00	Hailey King	81351	968	+8	71	904	64	972	65	941	200	$525
21	174.00	Stacie Hass	124963	929	+9	67	936	65	964	69	908	201	$500
22	168.00	Deann Carey	66842	937	+10	70	912	68	941	64	950	202	$450
22	168.00	Holly Finley	51277	939	+10	64	960	69	933	69	908	202	$450
22	168.00	Maria Oliva	63257	948	+10	64	960	67	948	71	891	202	$450
25	150.00	Juliana Korver	7438	944	+11	68	928	68	941	67	925	203	$400
26	144.00	Lisa Fajkus	32654	948	+12	71	904	68	941	65	941	204	
26	144.00	Alex Benson	96030	935	+12	68	928	71	917	65	941	204	
26	144.00	Alexis Mandujano	62880	951	+12	68	928	70	925	66	933	204	
29	126.00	Hanna Huynh	112647	913	+13	71	904	67	948	67	925	205	
30	120.00	Tiger Borth	78232	906	+15	74	880	67	948	66	933	207	
31	114.00	Lykke Lorentzen	99441	929	+16	72	896	71	917	65	941	208	
32	108.00	Lydia Lyons	58968	911	+17	68	928	79	855	62	966	209	
32	108.00	Ali Smith	147050	910	+17	71	904	68	941	70	900	209	
34	96.00	Casey Pennington	74708	914	+18	70	912	71	917	69	908	210	
35	90.00	Des Reading	15863	907	+19	71	904	72	910	68	916	211	
35	90.00	Shelbi Dutton	107780	900	+19	69	920	73	902	69	908	211	
37	78.00	Raven Klein	138272	915	+20	74	880	72	910	66	933	212	
38	72.00	Katie Belty	106422	894	+27	73	888	74	894	72	883	219	
39	66.00	Leah Tsinajinnie	139109	898	+28	80	831	73	902	67	925	220	
40	60.00	Nova Politte	74995	890	+29	73	888	73	902	75	858	221	
41	54.00	Emma Arp	135383	866	+30	73	888	76	878	73	875	222	
41	54.00	Ellie Bryant	104814	894	+30	71	904	78	863	73	875	222	
43	42.00	Alyssa Pierson	122118	878	+33	71	904	83	824	71	891	225	
44	36.00	Mia Miller	193260	824	+41	79	839	79	855	75	858	233	
45	30.00	Lisa Ulbing	147122	770	+71	86	783	89	777	88	750	263	
46	0.00	Keiti Tätte	94085	938		67	936	71	917	999		DNF	
46	0.00	Kimberly Giannola	76910	900		68	928	84	816	999		DNF	
48	0.00	Callie McMorran	64751	925		999						DNF	
48	0.00	Stacie Rawnsley	122208	935		999						DNF

Kansas City Wide Open
3
1	48.00	Ellen Widboom	58276	935	+7	56	961	69	959	72	938	197	$1,611
2	42.00	Emily Beach	61144	949	+14	62	903	70	952	72	938	204	$884
2	42.00	Stephanie Vincent	29947	936	+14	55	970	75	916	74	923	204	$884
4	30.00	Lauren Butler	65489	896	+15	63	893	70	952	72	938	205	$549
5	24.00	Ali Smith	147050	910	+19	61	912	72	938	76	909	209	
6	18.00	Krissie Fountain	73693	905	+25	59	932	75	916	81	874	215	
7	12.00	Nova Politte	74995	890	+29	60	922	77	902	82	866	219	
7	12.00	Katie Belty	106422	894	+29	63	893	73	931	83	859	219

PCS Open
4
1	66.00	Anniken Steen	109996	923	+24	68	955	70	940	70	932	74	896	282	$2,100
2	60.00	Rachel Turton	144658	939	+26	74	910	71	933	69	939	70	927	284	$1,350
3	54.00	Katarina Staalesen	66898	884	+43	77	888	77	888	73	909	74	896	301	$850
4	48.00	Ingvild Hellem	139321	876	+47	73	918	77	888	79	863	76	880	305	$600
5	42.00	Camilla Kampen	138707	896	+49	81	858	75	903	77	878	74	896	307	
6	36.00	Marthe Iversen	130817	828	+56	76	896	85	829	77	878	76	880	314	$440
7	30.00	Ida Emilie Nesse	181772	842	+47	84	836	76	896	82	840			242	
8	24.00	Alessa Schwarz	38873	859	+52	79	873	87	814	81	848			247	
9	18.00	Eirin Brun	104320	830	+56	87	814	83	844	81	848			251	
10	12.00	Maja Gran Erke	108528	816	+78	90	792	91	784	92	764			273	
11	6.00	Marit Sæther	172523	783	+87	102	703	91	784	89	787			282	

European Open
4
1	216.00	Paige Pierce	29190	977	+12	71	950	65	985	65	992	63	981	264	$8,000
2	207.00	Eveliina Salonen	64927	967	+15	69	964	59	1028	71	950	68	942	267	$5,000
3	198.00	Henna Blomroos	59227	964	+20	70	957	68	963	68	971	66	958	272	$3,200
4	189.00	Catrina Allen	44184	972	+22	68	971	69	956	70	957	67	950	274	$2,000
5	180.00	Kat Mertsch	99455	951	+24	67	978	70	949	69	964	70	927	276	$1,440
6	171.00	Kona Star Panis	27832	940	+27	73	936	70	949	72	943	64	973	279	$1,100
7	162.00	Heidi Laine	66599	951	+30	68	971	73	927	73	936	68	942	282	$900
8	153.00	Keiti Tätte	94085	937	+32	68	971	70	949	74	929	72	911	284	$800
9	144.00	Anniken Steen	109996	923	+37	72	943	72	934	75	922	70	927	289	$650
9	144.00	Jenni Engström	57526	924	+37	69	964	73	927	72	943	75	888	289	$650
11	126.00	Katka Bodová	61990	894	+39	75	922	74	920	72	943	70	927	291	$550
12	117.00	Deann Carey	66842	936	+44	73	936	73	927	79	894	71	919	296	$250
12	117.00	Laura Posch	116926	905	+44	74	929	74	920	72	943	76	880	296	$250
14	99.00	Katarina Staalesen	66898	884	+46	78	901	72	934	72	943	76	880	298	
15	90.00	Hannele Määttä	57529	905	+52	77	908	75	912	70	957	82	834	304	
16	81.00	Anneli Tõugjas-Männiste	85484	896		82	873	73	927	69	964	999		DNF	
17	72.00	Wiebke Jahn	70414	921	+37	77	908	72	934	77	908			226	
18	63.00	Olivia Kindstedt	115503	895	+40	78	901	74	920	77	908			229	
19	54.00	Anni Mäkelä	83540	893	+41	73	936	83	855	74	929			230	
19	54.00	Natalie Holloköi	4455	913	+41	78	901	76	905	76	915			230	
21	36.00	Jenni Karppinen	110168	916	+45	84	859	75	912	75	922			234	
22	27.00	Eliška Bártková	86224	882	+46	80	887	74	920	81	880			235	
23	18.00	Maija Laitinen	84600	897	+53	87	838	80	876	75	922			242	
24	9.00	Mirabella Meltaus	114795	860	+64	79	894	87	826	87	838			253

Mid America Open
3
1	186.00	Sarah Hokom	34563	960	E	67	974	67	974	70	953	204	$2,500
2	180.00	Kat Mertsch	99455	951	+5	70	953	68	967	71	946	209	$1,495
3	174.00	Natalie Ryan	114560	953	+7	68	967	71	946	72	939	211	$850
3	174.00	Jessica Weese	50656	948	+7	67	974	71	946	73	932	211	$850
5	162.00	Holyn Handley	133547	946	+8	74	924	67	974	71	946	212	$613
5	162.00	Alex Benson	96030	930	+8	67	974	72	939	73	932	212	$613
7	150.00	Juliana Korver	7438	944	+9	78	896	67	974	68	967	213	$450
7	150.00	Stacie Hass	124963	926	+9	76	910	66	981	71	946	213	$450
7	150.00	Stephanie Vincent	29947	933	+9	72	939	66	981	75	917	213	$450
10	132.00	Deann Carey	66842	936	+10	74	924	71	946	69	960	214	$337
10	132.00	Stacie Rawnsley	122208	929	+10	66	981	79	889	69	960	214	$337
12	120.00	Rebecca Cox	32917	943	+14	77	903	72	939	69	960	218	$300
13	114.00	Holly Finley	51277	937	+16	70	953	80	882	70	953	220	$262
13	114.00	Lindsay Fish	32925	899	+16	75	917	71	946	74	924	220	$262
15	102.00	Ellen Widboom	58276	931	+17	78	896	69	960	74	924	221	$225
16	96.00	Tiger Borth	78232	903	+20	69	960	79	889	76	910	224	$200
17	90.00	Kimberly Giannola	76910	898	+22	75	917	78	896	73	932	226	
17	90.00	Cynthia Ricciotti	75029	923	+22	81	875	70	953	75	917	226	
19	78.00	Hanna Huynh	112647	911	+29	80	882	76	910	77	903	233	
19	78.00	Casey Pennington	74708	915	+29	75	917	72	939	86	839	233	
21	66.00	Alexis Kerman	142354	849	+34	84	853	77	903	77	903	238	
21	66.00	Alyssa Pierson	122118	875	+34	81	875	77	903	80	882	238	
23	54.00	Nina Guerrero	140947	869	+36	83	860	80	882	77	903	240	
24	48.00	Nova Politte	74995	889	+38	76	910	79	889	87	832	242	
25	42.00	Ellie Bryant	104814	896	+39	85	846	81	875	77	903	243	
26	36.00	Caroline Henderson	171555	865	+43	82	868	83	860	82	868	247	
27	30.00	Fresa Jacobs	89589	838	+50	85	846	84	853	85	846	254	
28	24.00	Kristina Gold	36172	886	+55	92	797	85	846	82	868	259	
29	18.00	Lisa Ulbing	147122	767	+61	80	882	97	761	88	825	265	
30	0.00	Rebekah Kersey	47406	905		76	910	83	860	999		DNF	
31	0.00	Leah Tsinajinnie	139109	895		999						DNF

Ledgestone Open
4
1	300.00	Missy Gannon	85942	966	-19	64	996	53	1009	58	963	64	996	239	$8,000
2	294.00	Ohn Scoggins	48976	971	-13	69	961	58	963	55	991	63	1003	245	$6,250
3	288.00	Lisa Fajkus	32654	948	-12	64	996	55	991	61	936	66	982	246	$3,166
3	288.00	Kristin Tattar	73986	978	-12	63	1003	57	972	59	954	67	975	246	$3,166
3	288.00	Paige Pierce	29190	975	-12	69	961	52	1018	54	1000	71	947	246	$3,166
6	270.00	Alexis Mandujano	62880	951	-10	66	982	59	954	62	926	61	1017	248	$1,500
7	264.00	Catrina Allen	44184	972	-9	70	954	57	972	56	982	66	982	249	$1,100
7	264.00	Madison Walker	59431	940	-9	70	954	57	972	56	982	66	982	249	$1,100
9	252.00	Keiti Tätte	94085	938	-8	66	982	60	945	59	954	65	989	250	$850
10	246.00	Holyn Handley	133547	953	-6	68	968	56	982	60	945	68	968	252	$794
10	246.00	Sarah Hokom	34563	962	-6	67	975	56	982	56	982	73	932	252	$794
12	234.00	Alex Benson	96030	935	-4	72	940	59	954	57	972	66	982	254	$675
12	234.00	Maria Oliva	63257	948	-4	70	954	62	926	55	991	67	975	254	$675
12	234.00	Holly Finley	51277	939	-4	68	968	57	972	58	963	71	947	254	$675
15	216.00	Ella Hansen	144112	951	-3	71	947	57	972	60	945	67	975	255	$625
16	210.00	Juliana Korver	7438	944	-2	72	940	55	991	60	945	69	961	256	$575
16	210.00	Valerie Mandujano	62879	970	-2	65	989	58	963	62	926	71	947	256	$575
16	210.00	Stacie Hass	124963	929	-2	68	968	59	954	57	972	72	940	256	$575
19	192.00	Sarah Gilpin	87338	933	-1	68	968	60	945	61	936	68	968	257	$525
20	186.00	Kat Mertsch	99455	953	E	71	947	57	972	61	936	69	961	258	$500
21	180.00	Cynthia Ricciotti	75029	925	+2	72	940	59	954	59	954	70	954	260	$450
21	180.00	Jennifer Allen	15354	957	+2	70	954	60	945	60	945	70	954	260	$450
21	180.00	Stacie Rawnsley	122208	935	+2	69	961	58	963	61	936	72	940	260	$450
24	162.00	Erika Stinchcomb	71262	917	+5	71	947	57	972	63	917	72	940	263	$425
25	156.00	Emily Beach	61144	949	+7	72	940	60	945	56	982	77	904	265	$375
26	150.00	Ali Smith	147050	910	+2	72	940	60	945	60	945			192	
27	144.00	Rebecca Cox	32917	945	+4	70	954	65	899	59	954			194	
27	144.00	Jessica Weese	50656	948	+4	70	954	61	936	63	917			194	
27	144.00	Ellen Widboom	58276	935	+4	69	961	60	945	65	899			194	
30	126.00	Deann Carey	66842	937	+5	74	925	62	926	59	954			195	
31	120.00	Hailey King	81351	968	+7	77	904	60	945	60	945			197	
32	114.00	Christine Jennings	88568	933	+8	73	932	62	926	63	917			198	
32	114.00	Sandra Richardson	56987	901	+8	72	940	62	926	64	908			198	
34	102.00	Macie Velediaz	104187	953	+9	76	911	62	926	61	936			199	
34	102.00	Vanessa Van Dyken	62325	936	+9	74	925	61	936	64	908			199	
36	90.00	Kona Star Panis	27832	941	+10	74	925	64	908	62	926			200	
36	90.00	Lydia Lyons	58968	911	+10	73	932	65	899	62	926			200	
36	90.00	Chloe Alice	85635	927	+10	73	932	64	908	63	917			200	
39	72.00	Natalie Ryan	114560	953	+12	76	911	63	917	63	917			202	
40	66.00	Tiger Borth	78232	906	+14	82	869	62	926	60	945			204	
41	60.00	Chantel Budinsky	130342	901	+18	76	911	67	880	65	899			208	
42	54.00	Casey Pennington	74708	914	+19	73	932	69	862	67	880			209	
43	48.00	Stephanie Vincent	29947	936	+20	77	904	67	880	66	890			210	
43	48.00	Raven Klein	138272	915	+20	77	904	64	908	69	862			210	
45	36.00	Alyssa Pierson	122118	878	+22	79	890	71	844	62	926			212	
46	30.00	Jennifer Wheeling	55571	889	+25	83	862	67	880	65	899			215	
47	24.00	Cassandra Lioi	83376	893	+27	88	826	64	908	65	899			217	
48	18.00	Jackie Grammer	78746	875	+30	84	855	69	862	67	880			220	
48	18.00	Alexis Kerman	142354	855	+30	79	890	70	853	71	844			220	
50	0.00	Des Reading	15863	907		78	897	69	862	999				DNF

Idlewild
3
1	312.00	Catrina Allen	44184	972	+2	75	963	69	992	68	995	212	$6,150
2	306.00	Missy Gannon	85942	962	+4	74	969	73	967	67	1002	214	$3,675
2	306.00	Ohn Scoggins	48976	968	+4	73	975	72	973	69	989	214	$3,675
4	294.00	Alexis Mandujano	62880	953	+8	74	969	71	979	73	964	218	$2,250
4	294.00	Ella Hansen	144112	951	+8	71	987	73	967	74	958	218	$2,250
6	282.00	Madison Walker	59431	936	+9	73	975	73	967	73	964	219	$1,450
6	282.00	Macie Velediaz	104187	948	+9	73	975	72	973	74	958	219	$1,450
8	270.00	Jessica Weese	50656	948	+12	73	975	79	930	70	983	222	$1,205
9	264.00	Juliana Korver	7438	941	+13	78	945	70	985	75	952	223	$1,100
10	258.00	Kaidi Allsalu	84279	913	+14	77	951	75	955	72	970	224	$900
10	258.00	Ellen Widboom	58276	930	+14	75	963	74	961	75	952	224	$900
10	258.00	Paige Pierce	29190	980	+14	72	981	75	955	77	939	224	$900
13	240.00	Alex Benson	96030	933	+15	78	945	77	942	70	983	225	$687
13	240.00	Lisa Fajkus	32654	948	+15	76	957	74	961	75	952	225	$687
15	228.00	Holly Finley	51277	939	+16	76	957	70	985	80	920	226	$615
16	222.00	Maria Oliva	63257	942	+18	79	939	74	961	75	952	228	$585
17	216.00	Holyn Handley	133547	944	+19	78	945	74	961	77	939	229	$530
17	216.00	Valerie Mandujano	62879	965	+19	72	981	80	924	77	939	229	$530
17	216.00	Rebecca Cox	32917	937	+19	81	928	69	992	79	927	229	$530
20	198.00	Kat Mertsch	99455	947	+20	72	981	77	942	81	914	230	$480
21	192.00	Keiti Tätte	94085	932	+21	85	904	74	961	72	970	231	$472
21	192.00	Hanna Huynh	112647	904	+21	79	939	74	961	78	933	231	$472
23	180.00	Vanessa Van Dyken	62325	938	+22	83	916	72	973	77	939	232	$465
24	174.00	Stacie Rawnsley	122208	925	+23	75	963	85	893	73	964	233	$457
24	174.00	Deann Carey	66842	937	+23	83	916	75	955	75	952	233	$457
26	162.00	Sarah Gilpin	87338	940	+26	76	957	81	918	79	927	236	$450
27	156.00	Paige Shue	33833	916	+28	84	910	81	918	73	964	238	
27	156.00	Leah Tsinajinnie	139109	892	+28	77	951	81	918	80	920	238	
27	156.00	Chloe Alice	85635	926	+28	78	945	77	942	83	902	238	
30	138.00	Emily Beach	61144	944	+29	79	939	79	930	81	914	239	
31	132.00	Callie McMorran	64751	926	+31	83	916	79	930	79	927	241	
32	126.00	Christine Jennings	88568	929	+32	81	928	83	905	78	933	242	
32	126.00	Raven Klein	138272	905	+32	81	928	78	936	83	902	242	
34	114.00	Danielle Kleidon	146137	910	+34	83	916	84	899	77	939	244	
34	114.00	Lori Merriman	35616	899	+34	89	880	77	942	78	933	244	
36	102.00	Tiger Borth	78232	902	+35	80	933	83	905	82	908	245	
37	96.00	Lindsay Fish	32925	902	+36	83	916	84	899	79	927	246	
37	96.00	Ashleh Baumann	76500	915	+36	78	945	88	875	80	920	246	
39	84.00	Stacie Hass	124963	923	+37	85	904	83	905	79	927	247	
40	78.00	Hannah Manis	130822	904	+38	85	904	87	881	76	945	248	
40	78.00	Erika Stinchcomb	71262	921	+38	81	928	83	905	84	896	248	
42	66.00	Cynthia Ricciotti	75029	922	+40	88	886	80	924	82	908	250	
42	66.00	Kona Star Panis	27832	946	+40	84	910	83	905	83	902	250	
44	54.00	Chantel Budinsky	130342	898	+41	90	874	78	936	83	902	251	
45	48.00	Sandra Richardson	56987	898	+44	86	898	80	924	88	871	254	
46	42.00	Jennifer Wheeling	55571	889	+53	86	898	91	856	86	883	263	
47	36.00	Alyssa Pierson	122118	866	+55	83	916	95	832	87	877	265	
48	30.00	Anna Pinter	106489	848	+57	95	845	82	912	90	858	267	
49	0.00	Aria Castruita	105126	922		73	975	999		999		DNF	
50	0.00	Des Reading	15863	917		999		999		999		DNF	
50	0.00	Hailey King	81351	968		999		999		999		DNF	
50	0.00	Natalie Ryan	114560	950		999		999		999		DNF

Great Lakes Open
3
1	282.00	Natalie Ryan	114560	953	-18	61	983	58	1007	64	959	183	$6,000
2	276.00	Ohn Scoggins	48976	969	-16	63	967	63	967	59	999	185	$3,850
2	276.00	Emily Beach	61144	948	-16	61	983	62	975	62	975	185	$3,850
4	264.00	Paige Pierce	29190	977	-14	60	991	64	959	63	967	187	$1,875
4	264.00	Valerie Mandujano	62879	971	-14	61	983	62	975	64	959	187	$1,875
6	252.00	Sarah Hokom	34563	960	-12	66	943	62	975	61	983	189	$945
6	252.00	Macie Velediaz	104187	950	-12	62	975	64	959	63	967	189	$945
6	252.00	Catrina Allen	44184	972	-12	60	991	64	959	65	951	189	$945
9	234.00	Kat Mertsch	99455	951	-10	65	951	63	967	63	967	191	$780
10	228.00	Holyn Handley	133547	946	-9	64	959	65	951	63	967	192	$730
11	222.00	Hailey King	81351	970	-7	66	943	63	967	65	951	194	$690
12	216.00	Stacie Rawnsley	122208	929	-6	65	951	68	926	62	975	195	$613
12	216.00	Juliana Korver	7438	944	-6	63	967	68	926	64	959	195	$613
12	216.00	Missy Gannon	85942	964	-6	64	959	65	951	66	943	195	$613
15	198.00	Kona Star Panis	27832	940	-5	67	934	65	951	64	959	196	$520
15	198.00	Ella Hansen	144112	950	-5	67	934	65	951	64	959	196	$520
15	198.00	Deann Carey	66842	936	-5	66	943	64	959	66	943	196	$520
18	180.00	Jessica Weese	50656	948	-4	70	910	62	975	65	951	197	$465
19	174.00	Raven Klein	138272	910	-2	68	926	63	967	68	926	199	$440
20	168.00	Lisa Fajkus	32654	945	-1	69	918	68	926	63	967	200	$403
20	168.00	Ellen Widboom	58276	931	-1	65	951	69	918	66	943	200	$403
22	156.00	Danielle Kleidon	146137	913	E	68	926	67	934	66	943	201	$368
22	156.00	Holly Finley	51277	937	E	65	951	70	910	66	943	201	$368
24	144.00	Stacie Hass	124963	926	+1	69	918	67	934	66	943	202	$175
24	144.00	Alex Benson	96030	930	+1	70	910	64	959	68	926	202	$175
26	132.00	Cynthia Ricciotti	75029	923	+2	69	918	71	902	63	967	203	
26	132.00	Rebecca Cox	32917	943	+2	70	910	65	951	68	926	203	
28	120.00	Rebekah Kersey	47406	905	+3	68	926	72	894	64	959	204	
29	114.00	Hanna Huynh	112647	911	+4	76	862	64	959	65	951	205	
29	114.00	Colleen McInnes	78677	917	+4	71	902	66	943	68	926	205	
31	102.00	Stephanie Vincent	29947	933	+5	72	894	69	918	65	951	206	
31	102.00	Christine Jennings	88568	929	+5	72	894	65	951	69	918	206	
33	90.00	Maria Oliva	63257	948	+6	70	910	67	934	70	910	207	
33	90.00	Erika Stinchcomb	71262	918	+6	69	918	68	926	70	910	207	
33	90.00	Alexis Mandujano	62880	951	+6	69	918	67	934	71	902	207	
36	72.00	Sarah DeMar	25166	910	+7	70	910	72	894	66	943	208	
37	66.00	Ashleh Baumann	76500	915	+8	69	918	71	902	69	918	209	
37	66.00	Lori Merriman	35616	895	+8	69	918	69	918	71	902	209	
39	54.00	Tiger Borth	78232	903	+10	70	910	72	894	69	918	211	
40	48.00	Chantel Budinsky	130342	897	+11	75	870	71	902	66	943	212	
41	42.00	Callie McMorran	64751	927	+14	74	878	72	894	69	918	215	
42	36.00	Sandra Richardson	56987	901	+16	71	902	74	878	72	894	217	
43	30.00	Leah Tsinajinnie	139109	895	+18	73	886	77	853	69	918	219	
44	24.00	Caryn Ballou	112346	868	+21	78	845	76	862	68	926	222	
45	18.00	Lindsey Messner	80935	884	+25	78	845	74	878	74	878	226	
46	12.00	Kat Johnson	130187	874	+29	77	853	78	845	75	870	230	
47	6.00	Dani Cox	62532	783	+59	83	805	82	813	95	708	260

Jim Palmeri's AFDO
9

PDGA Worlds
5
1	675.00	Kristin Tattar	73986	978	-38	58	1023	66	975	64	978	58	1033	59	1026	305	$11,000
2	666.00	Henna Blomroos	59227	965	-30	60	1008	69	953	59	1016	63	997	62	1004	313	$7,000
3	657.00	Holyn Handley	133547	953	-25	68	947	64	989	58	1023	63	997	65	982	318	$5,600
4	648.00	Missy Gannon	85942	966	-24	63	985	64	989	66	963	63	997	63	997	319	$4,700
5	639.00	Paige Pierce	29190	975	-22	65	970	63	997	63	985	68	960	62	1004	321	$3,375
5	639.00	Eveliina Salonen	64927	967	-22	62	993	69	953	58	1023	66	975	66	975	321	$3,375
7	621.00	Ohn Scoggins	48976	971	-21	64	978	64	989	66	963	64	989	64	989	322	$2,200
8	612.00	Kat Mertsch	99455	953	-17	63	985	70	946	63	985	69	953	61	1011	326	$1,650
9	603.00	Hailey King	81351	968	-16	64	978	69	953	66	963	66	975	62	1004	327	$1,225
9	603.00	Valerie Mandujano	62879	970	-16	65	970	67	967	59	1016	67	967	69	953	327	$1,225
11	585.00	Catrina Allen	44184	972	-14	70	932	62	1004	69	940	64	989	64	989	329	$1,050
12	576.00	Jennifer Allen	15354	957	-12	62	993	70	946	66	963	67	967	66	975	331	$938
12	576.00	Ella Hansen	144112	951	-12	61	1001	65	982	71	924	63	997	71	938	331	$938
14	558.00	Jessica Weese	50656	948	-11	66	963	71	938	62	993	71	938	62	1004	332	$825
15	549.00	Heidi Laine	66599	947	-8	68	947	71	938	66	963	66	975	64	989	335	$780
16	540.00	Emily Beach	61144	949	-7	75	894	69	953	63	985	67	967	62	1004	336	$740
17	531.00	Macie Velediaz	104187	953	-5	69	940	67	967	67	955	65	982	70	946	338	$700
18	522.00	Vanessa Van Dyken	62325	936	-4	71	924	72	931	62	993	67	967	67	967	339	$660
19	513.00	Natalie Ryan	114560	953	-3	67	955	69	953	66	963	73	924	65	982	340	$589
19	513.00	Alex Benson	96030	935	-3	65	970	72	931	66	963	68	960	69	953	340	$589
19	513.00	Deann Carey	66842	937	-3	65	970	67	967	72	917	66	975	70	946	340	$589
19	513.00	Stacie Rawnsley	122208	935	-3	68	947	68	960	62	993	72	931	70	946	340	$589
23	477.00	Hanna Huynh	112647	913	-2	73	924	66	963	65	970	71	938	66	975	341	$500
23	477.00	Alexis Mandujano	62880	951	-2	66	963	67	967	70	932	67	967	71	938	341	$500
23	477.00	Lisa Fajkus	32654	948	-2	69	940	63	997	68	947	68	960	73	924	341	$500
26	450.00	Madison Walker	59431	940	E	68	947	68	960	68	947	70	946	69	953	343	$460
27	441.00	Juliana Korver	7438	944	+2	63	985	70	946	69	940	72	931	71	938	345	$445
28	432.00	Sarah Gilpin	87338	933	+5	71	924	68	960	69	940	71	938	69	953	348	$430
29	423.00	Aria Castruita	105126	932	+6	73	909	69	953	67	955	70	946	70	946	349	$420
30	414.00	Stephanie Vincent	29947	936	+8	72	917	70	946	71	924	67	967	71	938	351	$204
30	414.00	Holly Finley	51277	939	+8	69	940	73	924	68	947	70	946	71	938	351	$204
32	396.00	Stacie Hass	124963	929	+7	71	938	70	932	70	932	70	946			281	
32	396.00	Sai Ananda	58303	948	+7	68	947	66	975	73	909	74	916			281	
34	378.00	Cynthia Ricciotti	75029	925	+8	77	894	72	917	66	975	67	955			282	
34	378.00	Maria Oliva	63257	948	+8	69	940	77	894	68	960	68	947			282	
34	378.00	Casey Pennington	74708	914	+8	74	916	70	932	70	946	68	947			282	
34	378.00	Christine Jennings	88568	933	+8	72	917	70	946	69	940	71	938			282	
38	342.00	Alyssa Pierson	122118	878	+9	69	953	71	924	71	924	72	931			283	
39	333.00	Kona Star Panis	27832	941	+10	69	940	76	902	72	931	67	955			284	
39	333.00	Ellen Widboom	58276	935	+10	74	902	70	946	67	955	73	924			284	
41	315.00	Rebecca Cox	32917	945	+13	79	864	68	960	73	924	67	955			287	
42	306.00	Zoe AnDyke	39504	921	+14	77	894	77	879	67	967	67	955			288	
42	306.00	Ali Smith	147050	910	+14	77	894	67	955	75	894	69	953			288	
42	306.00	Lindsay Fish	32925	901	+14	72	931	73	909	71	938	72	917			288	
45	279.00	Lykke Lorentzen	99441	929	+15	68	960	72	917	69	940	80	873			289	
46	270.00	Keiti Tätte	94085	938	+18	73	909	76	902	74	916	69	940			292	
46	270.00	Lauren Butler	65489	896	+18	73	924	74	902	76	902	69	940			292	
48	252.00	Chantel Budinsky	130342	901	+19	77	894	68	947	74	916	74	902			293	
49	243.00	Katka Bodová	61990	905	+20	76	902	72	917	74	916	72	917			294	
49	243.00	Melodie Bailey	34751	919	+20	72	931	72	917	77	894	73	909			294	
49	243.00	Chelsea Howells	131574	875	+20	76	902	73	909	70	946	75	894			294	
49	243.00	Chloe Alice	85635	927	+20	69	953	74	902	74	902	77	894			294	
53	207.00	Kristine King	27725	907	+22	72	931	75	894	74	916	75	894			296	
54	198.00	Danielle Kleidon	146137	914	+23	79	880	75	894	75	909	68	947			297	
54	198.00	Krissie Fountain	73693	905	+23	78	887	71	924	75	909	73	909			297	
54	198.00	Erika Stinchcomb	71262	917	+23	75	909	72	917	75	909	75	894			297	
57	171.00	Raven Klein	138272	915	+24	77	894	67	955	78	871	76	902			298	
58	162.00	Leah Tsinajinnie	139109	898	+27	74	916	79	864	73	924	75	894			301	
59	153.00	Katie Belty	106422	894	+28	76	902	79	864	76	902	71	924			302	
59	153.00	Callie McMorran	64751	925	+28	75	909	73	909	81	865	73	909			302	
61	135.00	Melody Castruita	50171	887	+30	72	931	78	871	77	894	77	879			304	
62	126.00	Tiger Borth	78232	906	+31	74	916	74	902	78	887	79	864			305	
63	117.00	Sandra Richardson	56987	901	+33	79	880	76	886	79	880	73	909			307	
64	108.00	Jenny Munn	65131	871	+37	78	887	75	894	78	887	80	856			311	
65	99.00	Lydia Lyons	58968	911	+38	88	814	77	879	74	916	73	909			312	
66	90.00	Sammie Jo Guerrero	76488	904	+39	82	858	76	886	81	865	74	902			313	
67	81.00	Holly May	105708	899	+41	80	873	72	917	76	902	87	803			315	
68	72.00	Sabre Peterson	148429	889	+46	80	873	74	902	85	836	81	848			320	
69	63.00	Carolina Reaper Halstead	113817	882	+47	83	851	78	871	82	858	78	871			321	
69	63.00	Kat Johnson	130187	872	+47	81	865	79	864	83	851	78	871			321	
71	45.00	Mari Watanobe	102761	930	+51	81	848	80	873	78	887	86	810			325	
72	36.00	Chelsea Harden	63377	862	+57	81	865	90	780	78	887	82	841			331	
73	27.00	Chyenne Garner	106206	850	+65	87	822	87	803	86	829	79	864			339	
74	0.00	Jill Norwick	142944	902		75	909	77	879	999		999				DNF	
74	0.00	Andrea Cammack	87443	865		91	792	88	795	999		999				DNF

MVP Open
4
1	264.00	Natalie Ryan	114560	953	+1	67	939	61	987	57	1019	56	999	241	$9,000
2	258.00	Kristin Tattar	73986	987	+1	59	1003	65	955	62	979	55	1008	241	$6,000
3	252.00	Paige Pierce	29190	975	+2	61	987	63	971	63	971	55	1008	242	$4,000
4	246.00	Holyn Handley	133547	958	+7	63	971	66	947	62	979	56	999	247	$2,650
4	246.00	Deann Carey	66842	938	+7	62	979	65	955	62	979	58	982	247	$2,650
6	234.00	Eveliina Salonen	64927	970	+8	60	995	73	891	60	995	55	1008	248	$1,747
6	234.00	Ohn Scoggins	48976	974	+8	65	955	64	963	64	963	55	1008	248	$1,747
8	222.00	Ella Hansen	144112	954	+9	61	987	64	963	65	955	59	973	249	$1,300
9	216.00	Macie Velediaz	104187	955	+10	65	955	60	995	69	923	56	999	250	$1,150
9	216.00	Henna Blomroos	59227	965	+10	65	955	63	971	63	971	59	973	250	$1,150
11	204.00	Sarah Hokom	34563	963	+11	61	987	68	931	64	963	58	982	251	$963
11	204.00	Valerie Mandujano	62879	967	+11	61	987	67	939	59	1003	64	929	251	$963
13	192.00	Alex Benson	96030	941	+13	63	971	66	947	65	955	59	973	253	$825
13	192.00	Catrina Allen	44184	971	+13	63	971	66	947	62	979	62	947	253	$825
15	180.00	Vanessa Van Dyken	62325	940	+14	65	955	64	963	60	995	65	921	254	$750
15	180.00	Rebecca Cox	32917	943	+14	63	971	64	963	61	987	66	912	254	$750
15	180.00	Missy Gannon	85942	969	+14	60	995	65	955	61	987	68	894	254	$750
18	162.00	Kat Mertsch	99455	959	+15	58	1011	69	923	66	947	62	947	255	$700
19	156.00	Emily Beach	61144	948	+16	67	939	64	963	65	955	60	964	256	$660
20	150.00	Madison Walker	59431	946	+18	61	987	73	891	62	979	62	947	258	$640
21	144.00	Maria Oliva	63257	947	+22	71	907	63	971	68	931	60	964	262	$610
21	144.00	Holly Finley	51277	940	+22	66	947	66	947	68	931	62	947	262	$610
23	132.00	Jessica Weese	50656	951	+24	65	955	67	939	67	939	65	921	264	
24	126.00	Lykke Lorentzen	99441	933	+25	68	931	67	939	65	955	65	921	265	
25	120.00	Kona Star Panis	27832	942	+26	69	923	66	947	68	931	63	938	266	
25	120.00	Jennifer Allen	15354	956	+26	65	955	69	923	67	939	65	921	266	
27	108.00	Juliana Korver	7438	946	+27	67	939	69	923	69	923	62	947	267	
27	108.00	Hanna Huynh	112647	918	+27	64	963	69	923	67	939	67	903	267	
29	96.00	Raven Klein	138272	913	+28	67	939	69	923	67	939	65	921	268	
30	90.00	Keiti Tätte	94085	935	+29	64	963	69	923	74	883	62	947	269	
30	90.00	Sandra Richardson	56987	901	+29	69	923	68	931	62	979	70	877	269	
32	78.00	Alexis Mandujano	62880	951	+33	66	947	69	923	70	915	68	894	273	
33	72.00	Lisa Fajkus	32654	950	+36	75	875	75	875	63	971	63	938	276	
34	66.00	Carli Charron	74947	915	+39	64	963	74	883	76	867	65	921	279	
35	60.00	Erika Stinchcomb	71262	924	+40	77	859	72	899	66	947	65	921	280	
36	54.00	Colleen Hutchinson	45899	909	+44	72	899	72	899	70	915	70	877	284	
37	48.00	Leah Tsinajinnie	139109	899	+47	73	891	73	891	73	891	68	894	287	
38	42.00	Cassandra Lioi	83376	887	+54	74	883	79	843	69	923	72	859	294	
39	36.00	Nicole Dionisio	71562	848	+72	77	859	87	780	74	883	74	842	312	
40	30.00	Carleen Kibbe	166738	797	+90	84	804	83	812	86	788	77	816	330	
41	0.00	Stacie Rawnsley	122208	940		66	947	77	859	65	955	999		DNF	
42	0.00	Stacie Hass	124963	934		70	915	69	923	999				DNF	
43	0.00	Cynthia Ricciotti	75029	930		76	867	999						DNF	
44	0.00	Callie McMorran	64751	921		999								DNF
