
Las Vegas Challenge
4
1	342.00	Catrina Allen	44184	968	-20	57	1005	59	1010	53	1001	69	949	238	$5,200
2	336.00	Missy Gannon	85942	971	-16	61	972	62	987	55	982	64	986	242	$3,400
3	330.00	Holyn Handley	133547	966	-15	62	963	66	956	55	982	60	1016	243	$2,250
4	324.00	Henna Blomroos	59227	969	-13	60	980	62	987	58	954	65	979	245	$1,650
4	324.00	Ella Hansen	144112	958	-13	65	938	60	1002	52	1010	68	957	245	$1,650
6	312.00	Hailey King	81351	964	-9	63	955	64	971	53	1001	69	949	249	$1,300
7	306.00	Jessica Weese	50656	947	-7	63	955	63	979	61	926	64	986	251	$1,200
8	300.00	Ohn Scoggins	48976	977	-5	61	972	66	956	63	907	63	994	253	$1,100
9	294.00	Jennifer Allen	15354	955	-4	62	963	69	932	59	944	64	986	254	$1,025
9	294.00	Caroline Henderson	171555	902	-4	60	980	71	917	56	973	67	964	254	$1,025
11	282.00	Alexis Mandujano	62880	947	-2	63	955	65	963	57	963	71	934	256	$950
12	276.00	Maria Oliva	63257	946	-1	63	955	66	956	60	935	68	957	257	$875
12	276.00	Stacie Hass	124963	932	-1	65	938	64	971	58	954	70	942	257	$875
14	264.00	Madison Walker	59431	945	E	70	896	61	995	61	926	66	971	258	$800
15	258.00	Macie Velediaz	104187	959	+1	65	938	68	940	56	973	70	942	259	$725
15	258.00	Kona Star Montgomery	27832	939	+1	63	955	66	956	59	944	71	934	259	$725
17	246.00	Aria Castruita	105126	939	+3	70	896	67	948	56	973	68	957	261	$580
17	246.00	Lykke Lorentzen	99441	934	+3	67	921	66	956	60	935	68	957	261	$580
17	246.00	Sarah Hokom	34563	962	+3	62	963	67	948	63	907	69	949	261	$580
17	246.00	Sarah Gilpin	87338	940	+3	63	955	69	932	57	963	72	927	261	$580
17	246.00	Rebecca Cox	32917	948	+3	58	997	71	917	59	944	73	920	261	$580
22	216.00	Hanna Huynh	112647	922	+4	62	963	67	948	63	907	70	942	262	$463
22	216.00	Lisa Fajkus	32654	950	+4	63	955	70	924	58	954	71	934	262	$463
24	204.00	Stacie Rawnsley	122208	943	+5	62	963	64	971	67	869	70	942	263	$430
25	198.00	Ali Smith	147050	919	+8	67	921	69	932	55	982	75	905	266	$410
26	192.00	Sai Ananda	58303	947	+9	67	921	68	940	58	954	74	912	267	$390
27	186.00	Anniken Kristiansen Steen	109996	931	+10	68	913	67	948	58	954	75	905	268	$368
27	186.00	Karina Nowels	48518	915	+10	63	955	71	917	56	973	78	883	268	$368
29	174.00	Erika Stinchcomb	71262	919	+12	62	963	69	932	61	926	78	883	270	$350
30	168.00	Raven Klein	138272	921	+5	68	913	67	948	59	944			194	
30	168.00	Ellen Widboom	58276	934	+5	67	921	62	987	65	888			194	
32	156.00	Emily Beach	61144	948	+6	68	913	65	963	62	916			195	
33	150.00	Eveliina Salonen	64927	970	+7	71	888	71	917	54	991			196	
34	144.00	Deann Carey	66842	945	+8	66	930	72	909	59	944			197	
34	144.00	Kat Mertsch	99455	960	+8	64	947	68	940	65	888			197	
36	132.00	Chantel Budinsky	130342	911	+9	69	905	67	948	62	916			198	
37	126.00	Melody Castruita	50171	884	+10	66	930	72	909	61	926			199	
37	126.00	Dani Kleidon	146137	911	+10	65	938	71	917	63	907			199	
39	114.00	Chelsea Howells	131574	888	+11	64	947	72	909	64	897			200	
40	108.00	Paige Shue	33833	929	+12	65	938	71	917	65	888			201	
41	102.00	Sandra Richardson	56987	901	+13	69	905	72	909	61	926			202	
41	102.00	Holly Finley	51277	942	+13	60	980	78	862	64	897			202	
43	90.00	Michelle Saggboy	128395	878	+15	75	854	68	940	61	926			204	
43	90.00	Juliana Korver	7438	946	+15	73	871	70	924	61	926			204	
43	90.00	Cynthia Ricciotti	75029	932	+15	68	913	73	901	63	907			204	
43	90.00	Kristine King	27725	914	+15	69	905	70	924	65	888			204	
47	66.00	Leah Tsinajinnie	139109	904	+16	67	921	73	901	65	888			205	
48	60.00	Nathalie Ortiz	133701	857	+18	73	871	73	901	61	926			207	
49	54.00	Alexis Kerman	142354	871	+20	75	854	71	917	63	907			209	
50	48.00	Ratana Meekham	101949	886	+22	69	905	80	847	62	916			211	
50	48.00	Carolina Reaper Halstead	113817	885	+22	64	947	79	854	68	860			211	
52	36.00	Sami Keddington	52010	902	+23	67	921	72	909	73	813			212	
53	30.00	Katie Belty	106422	899	+24	72	879	80	847	61	926			213	
53	30.00	Karissa Dedmon	176481	899	+24	71	888	76	878	66	879			213	
55	18.00	Rebecca Minnick	170182	867	+25	73	871	80	847	61	926			214	
56	12.00	Emily Yale	144791	881	+30	71	888	83	823	65	888			219	
57	6.00	Violet Main	104314	910	+33	78	829	77	870	67	869			222

WACO
3
1	312.00	Kristin Tattar	73986	988	-14	58	1021	67	951	62	990	187	$4,350
2	306.00	Ella Hansen	144112	958	-13	60	1005	64	974	64	974	188	$2,800
3	300.00	Ohn Scoggins	48976	977	-10	64	974	62	990	65	967	191	$2,100
4	294.00	Sarah Hokom	34563	962	-9	69	936	61	998	62	990	192	$1,725
5	288.00	Hailey King	81351	964	-8	62	990	67	951	64	974	193	$1,312
5	288.00	Anniken Kristiansen Steen	109996	931	-8	63	982	65	967	65	967	193	$1,312
5	288.00	Deann Carey	66842	945	-8	62	990	64	974	67	951	193	$1,312
8	270.00	Kat Mertsch	99455	960	-6	68	944	62	990	65	967	195	$1,113
8	270.00	Paige Shue	33833	929	-6	64	974	63	982	68	944	195	$1,113
10	258.00	Catrina Allen	44184	968	-5	65	967	67	951	64	974	196	$1,000
11	252.00	Macie Velediaz	104187	959	-4	67	951	66	959	64	974	197	$888
11	252.00	Lisa Fajkus	32654	950	-4	66	959	63	982	68	944	197	$888
13	240.00	Alexis Mandujano	62880	947	-2	69	936	66	959	64	974	199	$775
14	234.00	Juliana Korver	7438	946	-1	65	967	68	944	67	951	200	$675
14	234.00	Henna Blomroos	59227	969	-1	66	959	65	967	69	936	200	$675
16	222.00	Holly Finley	51277	942	E	67	951	71	921	63	982	201	$526
16	222.00	Aria Castruita	105126	939	E	74	897	63	982	64	974	201	$526
16	222.00	Jessica Weese	50656	947	E	72	913	65	967	64	974	201	$526
16	222.00	Paige Pierce	29190	973	E	65	967	69	936	67	951	201	$526
16	222.00	Missy Gannon	85942	971	E	67	951	66	959	68	944	201	$526
21	192.00	Holyn Handley	133547	966	+1	71	921	66	959	65	967	202	$401
21	192.00	Rebecca Cox	32917	948	+1	69	936	65	967	68	944	202	$401
21	192.00	Maria Oliva	63257	946	+1	68	944	65	967	69	936	202	$401
21	192.00	Erika Stinchcomb	71262	919	+1	65	967	66	959	71	921	202	$401
25	168.00	Ali Smith	147050	919	+2	65	967	69	936	69	936	203	$354
25	168.00	Sai Ananda	58303	947	+2	63	982	69	936	71	921	203	$354
27	156.00	Madison Walker	59431	945	+3	75	890	67	951	62	990	204	
27	156.00	Cynthia Ricciotti	75029	932	+3	71	921	65	967	68	944	204	
29	144.00	Caroline Henderson	171555	902	+4	76	882	62	990	67	951	205	
30	138.00	Casey Pennington	74708	918	+5	68	944	66	959	72	913	206	
31	132.00	Lykke Lorentzen	99441	934	+6	69	936	68	944	70	928	207	
32	126.00	Hanna Huynh	112647	922	+7	75	890	71	921	62	990	208	
32	126.00	Lydia Lyons	58968	909	+7	67	951	67	951	74	897	208	
32	126.00	Stephanie Vincent	29947	931	+7	64	974	70	928	74	897	208	
35	108.00	Stacie Rawnsley	122208	943	+8	68	944	72	913	69	936	209	
35	108.00	Stacie Hass	124963	932	+8	66	959	73	905	70	928	209	
35	108.00	Raven Klein	138272	921	+8	71	921	67	951	71	921	209	
35	108.00	Vanessa Van Dyken	62325	946	+8	68	944	70	928	71	921	209	
39	84.00	Leah Tsinajinnie	139109	904	+9	69	936	65	967	76	882	210	
40	78.00	Eveliina Salonen	64927	970	+11	70	928	72	913	70	928	212	
40	78.00	Keiti T채tte	94085	937	+11	64	974	78	867	70	928	212	
42	66.00	Jill Norwick	142944	912	+14	75	890	72	913	68	944	215	
42	66.00	Emily Beach	61144	948	+14	72	913	73	905	70	928	215	
44	54.00	Shiru Liu	158461	898	+18	73	905	79	859	67	951	219	
45	48.00	Dani Kleidon	146137	911	+19	70	928	75	890	75	890	220	
46	42.00	Kelley Foster	152191	874	+26	78	867	75	890	74	897	227	
46	42.00	Krissie Fountain	73693	897	+26	80	851	72	913	75	890	227	
48	30.00	Alexis Kerman	142354	871	+31	70	928	84	820	78	867	232	
49	24.00	Ratana Meekham	101949	886	+32	81	844	77	874	75	890	233	
50	18.00	Melody Castruita	50171	884	+34	81	844	74	897	80	851	235	
51	12.00	Madison Tomaino	60798	916	+35	81	844	78	867	77	874	236	
52	6.00	Nathalie Ortiz	133701	857	+40	78	867	81	844	82	836	241

The Open at Austin
3
1	318.00	Paige Pierce	29190	971	-5	61	1011	58	1002	62	969	181	$4,000
2	312.00	Catrina Allen	44184	971	-3	69	953	56	1018	58	1002	183	$2,650
3	306.00	Jessica Weese	50656	949	-2	65	982	62	969	57	1010	184	$1,850
3	306.00	Missy Gannon	85942	971	-2	64	989	60	986	60	986	184	$1,850
5	294.00	Holyn Handley	133547	964	+1	65	982	59	994	63	961	187	$1,300
5	294.00	Kristin Tattar	73986	987	+1	61	1011	59	994	67	928	187	$1,300
7	282.00	Eveliina Salonen	64927	960	+2	69	953	61	977	58	1002	188	$1,050
7	282.00	Ella Hansen	144112	960	+2	61	1011	67	928	60	986	188	$1,050
9	270.00	Sai Ananda	58303	949	+3	69	953	63	961	57	1010	189	$925
9	270.00	Henna Blomroos	59227	967	+3	64	989	67	928	58	1002	189	$925
11	258.00	Kat Mertsch	99455	960	+4	69	953	63	961	58	1002	190	$850
12	252.00	Caroline Henderson	171555	921	+5	66	975	64	953	61	977	191	$800
13	246.00	Vanessa Van Dyken	62325	948	+6	69	953	58	1002	65	944	192	$750
14	240.00	Maria Oliva	63257	947	+7	68	960	66	936	59	994	193	$700
15	234.00	Ohn Scoggins	48976	976	+8	65	982	67	928	62	969	194	$650
16	228.00	Sarah Hokom	34563	962	+9	65	982	67	928	63	961	195	$575
16	228.00	Lisa Fajkus	32654	951	+9	70	946	61	977	64	953	195	$575
18	216.00	Keiti T채tte	94085	935	+11	70	946	63	961	64	953	197	$520
19	210.00	Holly Finley	51277	943	+13	79	880	59	994	61	977	199	$475
19	210.00	Alexis Mandujano	62880	946	+13	66	975	67	928	66	936	199	$475
21	198.00	Macie Velediaz	104187	960	+14	71	938	63	961	66	936	200	$410
21	198.00	Emily Beach	61144	943	+14	67	967	62	969	71	895	200	$410
23	186.00	Hailey King	81351	963	+15	67	967	62	969	72	887	201	$390
24	180.00	Rebecca Cox	32917	949	+16	66	975	68	920	68	920	202	$380
25	174.00	Stacie Rawnsley	122208	941	+17	72	931	66	936	65	944	203	$370
26	168.00	Aria Castruita	105126	939	+18	70	946	70	903	64	953	204	$245
26	168.00	Hanna Huynh	112647	925	+18	67	967	72	887	65	944	204	$245
26	168.00	Ali Smith	147050	925	+18	67	967	66	936	71	895	204	$245
29	150.00	Deann Carey	66842	945	+19	74	916	63	961	68	920	205	
29	150.00	Jill Norwick	142944	918	+19	73	924	62	969	70	903	205	
31	138.00	Anniken Kristiansen Steen	109996	937	+20	69	953	68	920	69	911	206	
32	132.00	Cynthia Ricciotti	75029	933	+21	71	938	67	928	69	911	207	
32	132.00	Lykke Lorentzen	99441	936	+21	70	946	66	936	71	895	207	
34	120.00	Madison Walker	59431	946	+22	77	894	70	903	61	977	208	
35	114.00	Erika Stinchcomb	71262	921	+27	77	894	73	878	63	961	213	
35	114.00	Raven Klein	138272	922	+27	79	880	68	920	66	936	213	
35	114.00	Ratana Meekham	101949	884	+27	77	894	70	903	66	936	213	
38	96.00	Stephanie Vincent	29947	932	+29	74	916	68	920	73	878	215	
39	90.00	Leah Tsinajinnie	139109	906	+30	80	873	68	920	68	920	216	
39	90.00	Casey Pennington	74708	916	+30	77	894	68	920	71	895	216	
41	78.00	Cadence Burge	79233	898	+31	84	843	64	953	69	911	217	
42	72.00	Madison Tomaino	60798	914	+33	72	931	67	928	80	821	219	
43	66.00	Emily Yale	144791	880	+35	79	880	69	911	73	878	221	
43	66.00	Melody Castruita	50171	886	+35	72	931	72	887	77	845	221	
43	66.00	Carlea Kubicek	186636	905	+35	77	894	65	944	79	829	221	
46	48.00	Nathalie Ortiz	133701	867	+39	81	865	74	870	70	903	225	
46	48.00	Dani Kleidon	146137	912	+39	79	880	74	870	72	887	225	
46	48.00	Krissie Fountain	73693	896	+39	79	880	73	878	73	878	225	
46	48.00	Carolina Reaper Halstead	113817	886	+39	81	865	68	920	76	854	225	
50	24.00	Rebecca Minnick	170182	872	+40	81	865	76	854	69	911	226	
51	18.00	Kelley Foster	152191	878	+52	75	909	83	796	80	821	238	
52	12.00	Jessica Hopper	197708	799	+68	90	800	83	796	81	812	254	
53	6.00	Kimberly Hlava	180525	770	+81	98	741	83	796	86	771	267

Texas State Disc Golf Championships
3
1	258.00	Sai Ananda	58303	949	-20	57	992	55	1002	57	984	169	$2,250
2	252.00	Kristin Tattar	73986	987	-17	58	983	58	975	56	993	172	$1,500
3	246.00	Ohn Scoggins	48976	976	-16	55	1009	59	966	59	966	173	$1,200
4	240.00	Holyn Handley	133547	964	-15	58	983	58	975	58	975	174	$1,000
5	234.00	Catrina Allen	44184	971	-10	63	939	58	975	58	975	179	$775
5	234.00	Jessica Weese	50656	949	-10	58	983	61	948	60	957	179	$775
7	222.00	Missy Gannon	85942	971	-9	56	1001	64	922	60	957	180	$600
8	216.00	Kat Mertsch	99455	960	-7	62	948	59	966	61	948	182	$525
8	216.00	Aria Castruita	105126	939	-7	59	974	62	940	61	948	182	$525
10	204.00	Emily Beach	61144	943	-6	63	939	59	966	61	948	183	$450
11	198.00	Jill Norwick	142944	918	-4	68	896	57	984	60	957	185	$365
11	198.00	Caroline Henderson	171555	921	-4	65	922	58	975	62	940	185	$365
11	198.00	Stephanie Vincent	29947	932	-4	60	966	63	931	62	940	185	$365
11	198.00	Lisa Fajkus	32654	951	-4	57	992	60	957	68	886	185	$365
15	174.00	Hanna Huynh	112647	925	-3	62	948	63	931	61	948	186	$290
15	174.00	Dani Kleidon	146137	912	-3	62	948	60	957	64	922	186	$290
17	162.00	Keiti T채tte	94085	935	-2	69	887	63	931	55	1002	187	$265
17	162.00	Madison Walker	59431	946	-2	64	931	58	975	65	913	187	$265
19	150.00	Ali Smith	147050	925	-1	64	931	64	922	60	957	188	$250
20	144.00	Lykke Lorentzen	99441	936	E	64	931	64	922	61	948	189	$230
20	144.00	Holly Finley	51277	943	E	65	922	60	957	64	922	189	$230
20	144.00	Vanessa Van Dyken	62325	948	E	62	948	63	931	64	922	189	$230
23	126.00	Deann Carey	66842	945	+1	62	948	62	940	66	904	190	
24	120.00	Carlea Kubicek	186636	905	+2	68	896	65	913	58	975	191	
25	114.00	Cynthia Ricciotti	75029	933	+5	67	904	65	913	62	940	194	
26	108.00	Krissie Fountain	73693	896	+6	65	922	65	913	65	913	195	
26	108.00	Hannah Stefanovich	79777	888	+6	63	939	67	895	65	913	195	
26	108.00	Juliana Korver	7438	945	+6	65	922	63	931	67	895	195	
29	90.00	Melody Castruita	50171	886	+7	70	878	65	913	61	948	196	
29	90.00	Erika Stinchcomb	71262	921	+7	66	913	67	895	63	931	196	
29	90.00	Leah Tsinajinnie	139109	906	+7	66	913	66	904	64	922	196	
32	72.00	Stacie Hass	124963	935	+8	65	922	64	922	68	886	197	
33	66.00	Ashley Sloan	67404	876	+9	67	904	64	922	67	895	198	
33	66.00	Rebecca Cox	32917	949	+9	64	931	66	904	68	886	198	
35	54.00	Casey Pennington	74708	916	+10	70	878	61	948	68	886	199	
35	54.00	Maria Oliva	63257	947	+10	57	992	70	868	72	850	199	
37	42.00	Kelley Foster	152191	878	+11	70	878	68	886	62	940	200	
38	36.00	Alexis Kerman	142354	874	+15	75	835	62	940	67	895	204	
39	30.00	Shiru Liu	158461	899	+21	70	878	70	868	70	868	210	
40	24.00	Katie Belty	106422	896	+24	71	870	67	895	75	824	213	
41	18.00	Rebecca Minnick	170182	872	+25	71	870	71	859	72	850	214	
42	12.00	Briana Ainsley	69890	888	+29	75	835	72	850	71	859	218	
43	0.00	Lindsay Fish	32925	908		67	904	68	886	999		DNF

Music City Open
3
1	300.00	Kristin Tattar	73986	987	-7	62	1018	70	945	59	1012	191	$4,500
2	294.00	Jennifer Allen	15354	955	-2	69	970	63	996	64	974	196	$2,625
2	294.00	Macie Velediaz	104187	960	-2	65	997	67	967	64	974	196	$2,625
4	282.00	Rebecca Cox	32917	949	+1	73	942	67	967	59	1012	199	$1,825
5	276.00	Holyn Handley	133547	964	+2	64	1004	67	967	69	935	200	$1,525
6	270.00	Eveliina Salonen	64927	960	+3	74	936	63	996	64	974	201	$1,350
7	264.00	Missy Gannon	85942	971	+4	69	970	70	945	63	981	202	$1,200
8	258.00	Heidi Laine	66599	942	+5	73	942	66	974	64	974	203	$1,050
8	258.00	Sarah Gilpin	87338	942	+5	66	990	70	945	67	950	203	$1,050
10	246.00	Ali Smith	147050	925	+6	75	929	63	996	66	958	204	$925
11	240.00	Emily Beach	61144	943	+7	71	956	69	952	65	966	205	$745
11	240.00	Hailey King	81351	963	+7	68	977	71	938	66	958	205	$745
11	240.00	Ohn Scoggins	48976	976	+7	74	936	64	989	67	950	205	$745
11	240.00	Deann Carey	66842	945	+7	74	936	63	996	68	943	205	$745
15	216.00	Ella Hansen	144112	960	+8	69	970	73	923	64	974	206	$545
15	216.00	Kona Star Montgomery	27832	939	+8	67	983	72	931	67	950	206	$545
15	216.00	Henna Blomroos	59227	967	+8	68	977	66	974	72	912	206	$545
18	198.00	Keiti T채tte	94085	935	+9	73	942	71	938	63	981	207	$450
18	198.00	Paige Shue	33833	933	+9	73	942	69	952	65	966	207	$450
18	198.00	Catrina Allen	44184	971	+9	71	956	65	982	71	919	207	$450
21	180.00	Silva Saarinen	107335	918	+10	68	977	73	923	67	950	208	$400
22	174.00	Raven Klein	138272	922	+11	71	956	69	952	69	935	209	$380
23	168.00	Caroline Henderson	171555	921	+12	72	949	71	938	67	950	210	$370
24	162.00	Hanna Huynh	112647	925	+13	75	929	71	938	65	966	211	$355
24	162.00	Kat Mertsch	99455	960	+13	69	970	74	916	68	943	211	$355
26	150.00	Vanessa Van Dyken	62325	948	+14	73	942	69	952	70	927	212	
27	144.00	Sarah Hokom	34563	962	+15	74	936	74	916	65	966	213	
27	144.00	Paige Pierce	29190	971	+15	78	908	65	982	70	927	213	
29	132.00	Chantel Budinsky	130342	911	+16	77	915	70	945	67	950	214	
29	132.00	Alexis Mandujano	62880	946	+16	76	922	69	952	69	935	214	
29	132.00	Krissie Fountain	73693	896	+16	68	977	74	916	72	912	214	
32	114.00	Stacie Rawnsley	122208	941	+17	73	942	76	901	66	958	215	
32	114.00	Dani Kleidon	146137	912	+17	75	929	73	923	67	950	215	
32	114.00	Holly Finley	51277	943	+17	73	942	73	923	69	935	215	
35	96.00	Cadence Burge	79233	898	+20	79	901	67	967	72	912	218	
35	96.00	Ashleh Baumann	76500	909	+20	76	922	70	945	72	912	218	
37	84.00	Madison Walker	59431	946	+21	75	929	77	894	67	950	219	
38	78.00	Lisa Fajkus	32654	951	+22	78	908	72	931	70	927	220	
39	72.00	Leah Tsinajinnie	139109	906	+23	76	922	74	916	71	919	221	
39	72.00	Nina Guerrero	140947	900	+23	73	942	75	909	73	904	221	
41	60.00	Stacie Hass	124963	935	+24	79	901	74	916	69	935	222	
41	60.00	Maria Oliva	63257	947	+24	75	929	73	923	74	896	222	
43	48.00	Ellen Widboom	58276	934	+25	79	901	68	960	76	881	223	
44	42.00	Cynthia Ricciotti	75029	933	+29	74	936	81	865	72	912	227	
45	36.00	Erika Stinchcomb	71262	921	+30	88	840	70	945	70	927	228	
46	30.00	Leah Jennings	220897	865	+31	77	915	80	872	72	912	229	
47	24.00	Emma Arp	135383	883	+32	77	915	79	879	74	896	230	
48	18.00	Hannah Manis	130822	917	+34	80	895	74	916	78	865	232	
49	12.00	Lori Merriman	35616	903	+36	80	895	79	879	75	889	234	
50	6.00	Sonja Laine	96090	862	+51	83	874	80	872	86	804	249	

Blue Ridge Championship
9

Champions Cup
9

Jonesboro Open
9

OTB Open
9

Beaver State Fling
9

Cascade Challenge
9

Zoo Town Open
9

Dynamic Discs Open
9

Des Moines Challenge
9

Kansas City Wide Open
9

PCS Open
9

European Open
9

Mid America Open
9

Ledgestone Open
9

Idlewild
9

Great Lakes Open
9

Jim Palmeri's AFDO
9

PDGA Worlds
9

MVP Open
9
