Scores
1:  5  5  5  5  5  5  5  5
2:  5  5  5  5  5  5  5  5
3:  5  5  5  5  5  5  5  5
4:  5  5  5  5  5  5  5  5
5:  5  5  5  5  5  5  5  5
6:  5  5  5  5  5  5  5  5
7:  5  5  5  5  5  5  5  5
8:  5  5  5  5  5  5  5  5
9:  5  5  5  5  5  5  5  5
10:  5  5  5  5  5  5  5  5
11:  5  5  5  5  5  5  5  5
12:  5  5  5  5  5  5  5  5
13:  5  5  5  5  5  5  5  5
14:  5  5  5  5  5  5  5  5
15:  5  5  5  5  5  5  5  5
16:  5  5  5  5  5  5  5  5
17:  5  5  5  5  5  5  5  5
18:  5  5  5  5  5  5  5  5
19:  5  5  5  5  5  5  5  5
20:  5  5  5  5  5  5  5  5
21:  5  5  5  5  5  5  5  5
22:  5  5  5  5  5  5  5  5
23:  5  5  5  5  5  5  5  5
24:  5  5  5  5  5  5  5  5
25:  5  5  5  5  5  5  5  5
      
Pars
1:   1   1   1   1   1   1   1   1
2:   1   1   1   1   1   1   1   1
3:   1   1   1   1   1   1   1   1
4:   1   1  -4  -4   1   1   1   1
5:  -4   1   1   1   1   1   1   1
6:   1   1   1   1   1   1   1   1
7:   1   1   1   1   1   1  -4  -4
8:   1  -4  -4  -4   1   1   1   1
9:   1  -4   1   1   1  -4   1   1
10:  -4   1   1   1  -4   1  -4  -4
11:   1   1   1   1   1   1   1   1
12:   1   1  -4   1   1   1   1   1
13:   1   1   1   1  -4  -4   1  -4
14:   1  -4   1   1   1   1   1   1
15:  -4   1   1  -4   1   1   1   1
16:   1   1  -4   1   1   1  -4   1
17:   1   1   1  -4  -4  -4   1  -4
18:   1   1   1   1   1   1   1   1
19:   1  -4  -4   1   1   1   1   1
20:  -4   1   1   1   1   1   1   1
21:   1   1   1   1   1   1  -4   1
22:   1   1   1   1  -4  -4   1   1
23:   1   1   1  -4   1  -4   1   1
24:   1   1   1   1   1   1  -4   1
25:  -4  -4   1   1  -4   1   1  -4
      
Standings:
10: -12.0
17: -12.0
25: -12.0
8: -7.0
13: -7.0
4: -2.0
7: -2.0
9: -2.0
15: -2.0
16: -2.0
19: -2.0
22: -2.0
23: -2.0
5: 3.0
12: 3.0
14: 3.0
20: 3.0
21: 3.0
24: 3.0
1: 8.0
2: 8.0
3: 8.0
6: 8.0
11: 8.0
18: 8.0