
Las Vegas Challenge
4
1	1190.00	Calvin Heimburg	45971	1041	-31	57	1029	51	1063	50	1062	53	1047	211	$7,500
2	1180.00	Ezra Aderhold	121715	1029	-29	56	1037	52	1055	55	1020	50	1071	213	$4,000
2	1180.00	Kevin Jones	41760	1031	-29	53	1060	51	1063	51	1053	58	1006	213	$4,000
4	1160.00	Kyle Klein	85132	1039	-28	54	1052	56	1023	53	1036	51	1063	214	$2,200
4	1160.00	Drew Gibson	48346	1035	-28	57	1029	57	1014	48	1079	52	1055	214	$2,200
6	1140.00	Paul McBeth	27523	1050	-27	54	1052	54	1039	52	1045	55	1031	215	$1,800
7	1130.00	Zach Arlinghaus	65266	1008	-26	56	1037	56	1023	52	1045	52	1055	216	$1,700
8	1120.00	Matt Bell	48950	1021	-25	60	1006	54	1039	54	1028	49	1079	217	$1,505
8	1120.00	Corey Ellis	44512	1033	-25	55	1044	53	1047	56	1011	53	1047	217	$1,505
8	1120.00	Matthew Orum	18330	1040	-25	57	1029	54	1039	52	1045	54	1039	217	$1,505
8	1120.00	Emerson Keith	47472	1024	-25	54	1052	57	1014	51	1053	55	1031	217	$1,505
8	1120.00	Anthony Barela	44382	1039	-25	52	1067	49	1079	56	1011	60	990	217	$1,505
13	1070.00	Eagle McMahon	37817	1043	-24	57	1029	49	1079	52	1045	60	990	218	$1,350
14	1060.00	James Proctor	34250	1020	-23	52	1067	61	982	53	1036	53	1047	219	$1,250
14	1060.00	Connor Rock	73695	1011	-23	56	1037	55	1031	52	1045	56	1023	219	$1,250
14	1060.00	Garrett Gurthie	13864	1031	-23	55	1044	54	1039	52	1045	58	1006	219	$1,250
17	1030.00	Scott Withers	38464	1030	-22	52	1067	54	1039	60	977	54	1039	220	$1,100
17	1030.00	Clint Calvin	84958	1006	-22	59	1014	50	1071	56	1011	55	1031	220	$1,100
17	1030.00	Nikko Locastro	11534	1031	-22	59	1014	53	1047	52	1045	56	1023	220	$1,100
20	1000.00	James Conrad	17295	1033	-21	57	1029	57	1014	54	1028	53	1047	221	$953
20	1000.00	Aaron Gossage	35449	1028	-21	60	1006	49	1079	57	1003	55	1031	221	$953
20	1000.00	Jake Hebenheimer	43762	1021	-21	57	1029	53	1047	53	1036	58	1006	221	$953
23	970.00	Gregg Barsby	15857	1030	-20	56	1037	56	1023	55	1020	55	1031	222	$855
23	970.00	Andrew Marwede	75590	1032	-20	56	1037	51	1063	58	994	57	1014	222	$855
25	950.00	Mason Ford	72844	1027	-19	59	1014	57	1014	51	1053	56	1023	223	$795
25	950.00	Gavin Rathbun	60436	1027	-19	61	998	54	1039	52	1045	56	1023	223	$795
27	930.00	Joel Freeman	69509	1037	-18	56	1037	52	1055	59	986	57	1014	224	$725
27	930.00	Luke Samson	59419	1021	-18	57	1029	51	1063	57	1003	59	998	224	$725
27	930.00	Luke Humphries	69424	1016	-18	53	1060	60	990	51	1053	60	990	224	$725
30	900.00	Robert Burridge	96512	1008	-17	58	1021	57	1014	54	1028	56	1023	225	$578
30	900.00	Trevon Crowe	67172	998	-17	58	1021	59	998	51	1053	57	1014	225	$578
30	900.00	Kevin Kiefer III	97115	1016	-17	59	1014	55	1031	54	1028	57	1014	225	$578
30	900.00	Benjamin Callaway	39015	1024	-17	57	1029	56	1023	55	1020	57	1014	225	$578
30	900.00	Gannon Buhr	75412	1043	-17	54	1052	58	1006	56	1011	57	1014	225	$578
30	900.00	Brodie Smith	128378	1025	-17	55	1044	57	1014	55	1020	58	1006	225	$578
30	900.00	Maximus Meyer	49865	987	-17	63	983	53	1047	50	1062	59	998	225	$578
30	900.00	Adam Hammes	57365	1030	-17	54	1052	56	1023	56	1011	59	998	225	$578
30	900.00	Andrew Presnell	63765	1024	-17	58	1021	52	1055	51	1053	64	958	225	$578
39	810.00	Justin Rosak	98161	994	-16	58	1021	56	1023	55	1020	57	1014	226	$444
39	810.00	Chris Pinegar	74719	1017	-16	59	1014	54	1039	56	1011	57	1014	226	$444
39	810.00	Ty Love	89959	1021	-16	58	1021	54	1039	57	1003	57	1014	226	$444
39	810.00	Colten Montgomery	35876	1019	-16	60	1006	58	1006	49	1070	59	998	226	$444
43	770.00	Nathan Sexton	18824	1035	-15	56	1037	57	1014	56	1011	58	1006	227	$393
43	770.00	Alden Harris	98091	1030	-15	59	1014	55	1031	54	1028	59	998	227	$393
43	770.00	Parker Welck	39491	1007	-15	57	1029	56	1023	55	1020	59	998	227	$393
46	740.00	Cole Redalen	79748	1027	-14	54	1052	58	1006	57	1003	59	998	228	$370
47	730.00	Tristan Tanner	99053	1010	-13	60	1006	54	1039	52	1045	63	966	229	$353
47	730.00	Simon Lizotte	8332	1037	-13	53	1060	55	1031	57	1003	64	958	229	$353
49	710.00	Bradley Williams	31644	1029	-12	58	1021	55	1031	56	1011	61	982	230	
50	700.00	Jake Brown	140954	1001	-11	60	1006	58	1006	52	1045			170	
50	700.00	Austin Turner	54049	1019	-11	63	983	54	1039	53	1036			170	
50	700.00	Andrew Fish	58320	1015	-11	60	1006	56	1023	54	1028			170	
50	700.00	Austin Hannum	68835	1015	-11	59	1014	57	1014	54	1028			170	
54	660.00	Paul Oman	34344	1020	-10	61	998	57	1014	53	1036			171	
54	660.00	Jared Stoll	68103	992	-10	59	1014	54	1039	58	994			171	
56	640.00	Jordan Castro	49431	1000	-9	62	991	60	990	50	1062			172	
56	640.00	AJ Carey	61770	1014	-9	58	1021	59	998	55	1020			172	
56	640.00	Tim Barham	53332	1015	-9	57	1029	60	990	55	1020			172	
56	640.00	Väinö Mäkelä	59635	1027	-9	57	1029	60	990	55	1020			172	
56	640.00	Connor O'Reilly	99648	1017	-9	57	1029	60	990	55	1020			172	
61	590.00	John Willis II	23844	998	-8	64	975	55	1031	54	1028			173	
61	590.00	Albert Tamm	76669	1021	-8	64	975	52	1055	57	1003			173	
61	590.00	Chandler Kramer	139228	1022	-8	58	1021	58	1006	57	1003			173	
61	590.00	Raven Newsom	88212	1015	-8	58	1021	57	1014	58	994			173	
65	550.00	Casey White	81739	1017	-7	64	975	58	1006	52	1045			174	
65	550.00	Paul Ulibarri	27171	1022	-7	58	1021	62	974	54	1028			174	
65	550.00	James Beckner	49519	968	-7	57	1029	62	974	55	1020			174	
65	550.00	Chandler Fry	25541	1017	-7	56	1037	61	982	57	1003			174	
69	510.00	Jarod Gogal	72409	1005	-6	61	998	58	1006	56	1011			175	
69	510.00	Bo Tillman	46480	1009	-6	58	1021	61	982	56	1011			175	
69	510.00	Liam Stott	60044	1003	-6	59	1014	59	998	57	1003			175	
69	510.00	Chris Clemons	50401	1033	-6	61	998	56	1023	58	994			175	
69	510.00	Levi Hancock	103050	1003	-6	58	1021	57	1014	60	977			175	
74	460.00	Noah Meintsma	56555	1004	-5	62	991	59	998	55	1020			176	
74	460.00	Eric Oakley	53565	1015	-5	62	991	58	1006	56	1011			176	
74	460.00	DW Hass	94907	996	-5	62	991	58	1006	56	1011			176	
77	430.00	Thomas Gilbert	85850	1020	-4	65	968	59	998	53	1036			177	
77	430.00	Tom Erik K Steen	83906	969	-4	62	991	57	1014	58	994			177	
77	430.00	Brock Shepherd	32091	995	-4	60	1006	58	1006	59	986			177	
77	430.00	Nick Newton	47689	1004	-4	59	1014	57	1014	61	969			177	
81	390.00	Hjalte Jensen	129061	1005	-3	66	960	56	1023	56	1011			178	
82	380.00	Jason Lawson	165807	978	-2	67	952	55	1031	57	1003			179	
82	380.00	John Jones	43834	1005	-2	61	998	61	982	57	1003			179	
82	380.00	Rasmus Saukkoriipi	136325	1010	-2	60	1006	59	998	60	977			179	
82	380.00	Isaac Robinson	50670	1031	-2	58	1021	57	1014	64	943			179	
86	340.00	Jacob Courtis	56511	1010	-1	65	968	56	1023	59	986			180	
86	340.00	Zach Melton	38631	1007	-1	60	1006	61	982	59	986			180	
88	320.00	Zachary Nash	101197	993	E	65	968	60	990	56	1011			181	
88	320.00	Nick Hanson	40274	999	E	60	1006	64	958	57	1003			181	
88	320.00	Jacky Chen	128836	995	E	60	1006	63	966	58	994			181	
88	320.00	Elijah Bickel	94844	1013	E	58	1021	63	966	60	977			181	
92	280.00	Danny Beauchamp	76153	1006	+1	64	975	61	982	57	1003			182	
92	280.00	Zackeriath Johnson	50312	1011	+1	63	983	59	998	60	977			182	
92	280.00	Charlie Moore	78268	1004	+1	62	991	59	998	61	969			182	
95	250.00	Tyler Schrock	71872	991	+2	63	983	59	998	61	969			183	
96	240.00	Nathaniel Johnson	138355	987	+3	63	983	65	949	56	1011			184	
96	240.00	Chris Ozolins	55049	1012	+3	62	991	63	966	59	986			184	
96	240.00	Ian Hamilton	97422	997	+3	64	975	60	990	60	977			184	
96	240.00	Steve Berger	28091	978	+3	62	991	61	982	61	969			184	
96	240.00	Jake Wolff	144536	1002	+3	62	991	60	990	62	960			184	
96	240.00	Bhrahsten Waugh	45463	994	+3	63	983	58	1006	63	952			184	
102	180.00	Randon Latta	51685	1011	+4	61	998	62	974	62	960			185	
103	170.00	Zach Lyons-Wade	129701	974	+5	64	975	59	998	63	952			186	
103	170.00	Cameron Messerschmidt	58814	998	+5	61	998	61	982	64	943			186	
105	150.00	Shay Montes	99089	989	+7	66	960	65	949	57	1003			188	
105	150.00	Tyler Wozniak	92805	984	+7	63	983	66	941	59	986			188	
107	130.00	Landen Mortensen	119084	985	+8	64	975	64	958	61	969			189	
107	130.00	Andrew Paulson	118604	982	+8	65	968	60	990	64	943			189	
109	110.00	Justin Anderson	55776	1005	+9	65	968	68	925	57	1003			190	
109	110.00	Chris Paetz	110290	971	+9	65	968	58	1006	67	918			190	
111	90.00	Braeden Moore	108289	978	+11	69	937	64	958	59	986			192	
112	80.00	Noah Fiveash	99153	1000	+12	64	975	68	925	61	969			193	
113	70.00	Josh Miller	62910	966	+16	66	960	71	901	60	977			197	
113	70.00	Jeffrey McCormick	116860	981	+16	66	960	64	958	67	918			197	
115	50.00	Mark Turner	199745	989	+21	67	952	76	860	59	986			202	
116	40.00	Josh Bergquist	72478	961	+23	69	937	67	933	68	910			204	
117	30.00	Tommy Gunz Trujillo III	71392	953	+24	67	952	76	860	62	960			205	
118	0.00	Gavin Babcock	80331	1016		57	1029	999						DNF	
118	0.00	Jeremy Koling	33705	1020		65	968	999						DNF

WACO
3
1	1160.00	Kyle Klein	85132	1039	-31	54	1046	54	1058	50	1084	158	$7,500
2	1150.00	Adam Hammes	57365	1030	-29	51	1070	55	1051	54	1053	160	$4,350
3	1140.00	Cole Redalen	79748	1027	-28	54	1046	54	1058	53	1061	161	$2,500
3	1140.00	Calvin Heimburg	45971	1041	-28	52	1062	55	1051	54	1053	161	$2,500
5	1120.00	Kevin Jones	41760	1031	-27	55	1039	54	1058	53	1061	162	$1,750
6	1110.00	James Conrad	17295	1033	-26	54	1046	55	1051	54	1053	163	$1,600
7	1100.00	Cale Leiviska	24341	1029	-25	54	1046	55	1051	55	1045	164	$1,475
7	1100.00	Matthew Orum	18330	1040	-25	55	1039	53	1066	56	1038	164	$1,475
9	1080.00	Nathan Sexton	18824	1035	-24	54	1046	54	1058	57	1030	165	$1,400
10	1070.00	Joel Freeman	69509	1037	-23	55	1039	60	1013	51	1076	166	$1,300
10	1070.00	Bradley Williams	31644	1029	-23	54	1046	56	1043	56	1038	166	$1,300
10	1070.00	James Proctor	34250	1020	-23	53	1054	54	1058	59	1015	166	$1,300
13	1040.00	Andrew Marwede	75590	1032	-22	57	1023	55	1051	55	1045	167	$1,180
13	1040.00	Paul Oman	34344	1020	-22	53	1054	58	1028	56	1038	167	$1,180
13	1040.00	Paul McBeth	27523	1050	-22	54	1046	54	1058	59	1015	167	$1,180
16	1010.00	Mason Ford	72844	1027	-21	56	1031	57	1036	55	1045	168	$1,075
16	1010.00	Zach Melton	38631	1007	-21	55	1039	57	1036	56	1038	168	$1,075
16	1010.00	Nikko Locastro	11534	1031	-21	53	1054	58	1028	57	1030	168	$1,075
16	1010.00	Parker Welck	39491	1007	-21	54	1046	56	1043	58	1022	168	$1,075
20	970.00	Chris Clemons	50401	1033	-20	59	1007	57	1036	53	1061	169	$980
20	970.00	Luke Humphries	69424	1016	-20	58	1015	54	1058	57	1030	169	$980
22	950.00	Chris Dickerson	62467	1044	-19	57	1023	58	1028	55	1045	170	$920
22	950.00	Tim Barham	53332	1015	-19	56	1031	59	1021	55	1045	170	$920
24	930.00	Silas Schultz	79047	1016	-18	55	1039	59	1021	57	1030	171	$830
24	930.00	Ezra Robinson	50671	1018	-18	57	1023	56	1043	58	1022	171	$830
24	930.00	Jake Monn	98722	1010	-18	55	1039	58	1028	58	1022	171	$830
24	930.00	Gannon Buhr	75412	1043	-18	56	1031	54	1058	61	999	171	$830
28	890.00	Scott Withers	38464	1030	-17	55	1039	59	1021	58	1022	172	$715
28	890.00	Justin Rosak	98161	994	-17	56	1031	57	1036	59	1015	172	$715
28	890.00	Brodie Smith	128378	1025	-17	53	1054	60	1013	59	1015	172	$715
28	890.00	Miles Seaborn	29264	1015	-17	54	1046	56	1043	62	992	172	$715
32	850.00	Jonathan Nicholson	101390	1012	-16	57	1023	62	998	54	1053	173	$625
32	850.00	Alden Harris	98091	1030	-16	58	1015	59	1021	56	1038	173	$625
32	850.00	Zach Arlinghaus	65266	1008	-16	56	1031	58	1028	59	1015	173	$625
35	820.00	Eagle McMahon	37817	1043	-15	63	976	56	1043	55	1045	174	$450
35	820.00	Fredy Meza	100497	1009	-15	55	1039	63	991	56	1038	174	$450
35	820.00	Evan Scott	89394	1013	-15	60	999	57	1036	57	1030	174	$450
35	820.00	Matt Bell	48950	1021	-15	59	1007	58	1028	57	1030	174	$450
35	820.00	Eric Oakley	53565	1015	-15	53	1054	64	984	57	1030	174	$450
35	820.00	Jared Stoll	68103	992	-15	54	1046	62	998	58	1022	174	$450
35	820.00	Benjamin Callaway	39015	1024	-15	59	1007	56	1043	59	1015	174	$450
35	820.00	Jeremy Koling	33705	1020	-15	57	1023	56	1043	61	999	174	$450
35	820.00	G.T. Hancock	49885	1006	-15	53	1054	60	1013	61	999	174	$450
35	820.00	Andrew Presnell	63765	1024	-15	54	1046	57	1036	63	984	174	$450
45	720.00	Isaac Robinson	50670	1031	-14	60	999	60	1013	55	1045	175	$105
45	720.00	Väinö Mäkelä	59635	1027	-14	61	991	58	1028	56	1038	175	$105
45	720.00	Sullivan Tipton	78817	1018	-14	61	991	58	1028	56	1038	175	$105
45	720.00	Andrew Fish	58320	1015	-14	58	1015	61	1006	56	1038	175	$105
45	720.00	Clay Edwards	91397	1010	-14	57	1023	61	1006	57	1030	175	$105
45	720.00	Albert Tamm	76669	1021	-14	59	1007	57	1036	59	1015	175	$105
45	720.00	Aaron Gossage	35449	1028	-14	58	1015	58	1028	59	1015	175	$105
52	650.00	Dylan Seppala	124138	1012	-13	60	999	60	1013	56	1038	176	
52	650.00	Emerson Keith	47472	1024	-13	56	1031	64	984	56	1038	176	
52	650.00	Charlie Moore	78268	1004	-13	57	1023	62	998	57	1030	176	
55	620.00	Zachary Nash	101197	993	-12	59	1007	59	1021	59	1015	177	
56	610.00	Grady Shue	68285	1012	-11	61	991	61	1006	56	1038	178	
56	610.00	Robert Burridge	96512	1008	-11	61	991	58	1028	59	1015	178	
56	610.00	Chandler Kramer	139228	1022	-11	56	1031	63	991	59	1015	178	
56	610.00	Luke Samson	59419	1021	-11	60	999	58	1028	60	1007	178	
56	610.00	Braeden Sides	129963	989	-11	59	1007	58	1028	61	999	178	
56	610.00	Gabriel Hernández	148785	999	-11	56	1031	60	1013	62	992	178	
62	550.00	Noah Meintsma	56555	1004	-9	59	1007	63	991	58	1022	180	
62	550.00	Jake Brown	140954	1001	-9	62	984	58	1028	60	1007	180	
62	550.00	Gavin Babcock	80331	1016	-9	59	1007	61	1006	60	1007	180	
62	550.00	Elijah Bickel	94844	1013	-9	59	1007	61	1006	60	1007	180	
62	550.00	Logan Harpool	101319	1013	-9	58	1015	62	998	60	1007	180	
62	550.00	Tristan Tanner	99053	1010	-9	59	1007	60	1013	61	999	180	
68	490.00	Alan Wagner	28550	1008	-8	61	991	61	1006	59	1015	181	
68	490.00	Tony Ferro	33551	1026	-8	61	991	59	1021	61	999	181	
68	490.00	Zackeriath Johnson	50312	1011	-8	58	1015	61	1006	62	992	181	
68	490.00	Garrett Gurthie	13864	1031	-8	57	1023	58	1028	66	961	181	
72	450.00	Ezra Aderhold	121715	1029	-7	63	976	63	991	56	1038	182	
72	450.00	Gavin Rathbun	60436	1027	-7	59	1007	65	976	58	1022	182	
72	450.00	Jake Hebenheimer	43762	1021	-7	59	1007	64	984	59	1015	182	
72	450.00	Raven Newsom	88212	1015	-7	61	991	61	1006	60	1007	182	
72	450.00	Chris Harris	37146	1009	-7	62	984	59	1021	61	999	182	
72	450.00	Kevin Kiefer III	97115	1016	-7	59	1007	61	1006	62	992	182	
72	450.00	Nolan Ramser	90461	1003	-7	62	984	57	1036	63	984	182	
72	450.00	Nate Hecker	93475	1011	-7	57	1023	57	1036	68	946	182	
80	370.00	Trevon Crowe	67172	998	-6	63	976	61	1006	59	1015	183	
80	370.00	Tyler Wozniak	92805	984	-6	62	984	61	1006	60	1007	183	
80	370.00	Mason Marchbanks	79753	1003	-6	59	1007	64	984	60	1007	183	
80	370.00	Connor O'Reilly	99648	1017	-6	60	999	60	1013	63	984	183	
80	370.00	Ben Wolff	144530	991	-6	60	999	60	1013	63	984	183	
80	370.00	Chandler Fry	25541	1017	-6	58	1015	61	1006	64	977	183	
86	310.00	John Willis II	23844	998	-5	59	1007	61	1006	64	977	184	
87	300.00	Hjalte Jensen	129061	1005	-4	71	913	60	1013	54	1053	185	
87	300.00	Gregg Barsby	15857	1030	-4	62	984	66	969	57	1030	185	
87	300.00	Mike Laitala	43081	1009	-4	59	1007	65	976	61	999	185	
87	300.00	Randon Latta	51685	1011	-4	59	1007	65	976	61	999	185	
87	300.00	Jakub Semerád	91925	1017	-4	59	1007	65	976	61	999	185	
87	300.00	Austin Hannum	68835	1015	-4	63	976	59	1021	63	984	185	
87	300.00	Thomas Gilbert	85850	1020	-4	59	1007	61	1006	65	969	185	
94	230.00	Mark Chapalonis	70741	1002	-3	62	984	66	969	58	1022	186	
94	230.00	Gavin Phillips	119504	990	-3	61	991	63	991	62	992	186	
94	230.00	Carter Ahrens	88279	1012	-3	55	1039	65	976	66	961	186	
97	200.00	Dallas Wrinkle	88370	980	-2	64	968	62	998	61	999	187	
97	200.00	Michael Johansen	20300	1017	-2	61	991	64	984	62	992	187	
97	200.00	Casey White	81739	1017	-2	61	991	64	984	62	992	187	
97	200.00	Josh Coghill	63364	998	-2	59	1007	63	991	65	969	187	
97	200.00	AJ Carey	61770	1014	-2	60	999	59	1021	68	946	187	
102	150.00	Connor Rock	73695	1011	-1	62	984	68	954	58	1022	188	
103	140.00	Nate Perkins	65737	1001	+1	60	999	65	976	65	969	190	
103	140.00	Corey Ellis	44512	1033	+1	58	1015	65	976	67	954	190	
105	120.00	Reid Frescura	48338	1001	+2	59	1007	73	916	59	1015	191	
105	120.00	Rasmus Metsamaa	92779	1002	+2	64	968	65	976	62	992	191	
105	120.00	Austin Turner	54049	1019	+2	59	1007	70	939	62	992	191	
108	90.00	Harris Reid	72429	1004	+3	63	976	65	976	64	977	192	
108	90.00	Paul Ulibarri	27171	1022	+3	61	991	65	976	66	961	192	
110	70.00	Billy Engel	44458	983	+4	66	952	62	998	65	969	193	
110	70.00	Max Regitnig	27812	1002	+4	62	984	64	984	67	954	193	
112	50.00	Corbin Milchesky	153445	978	+7	65	960	66	969	65	969	196	
112	50.00	Jake Wolff	144536	1002	+7	60	999	66	969	70	931	196	
114	30.00	Jordan Castro	49431	1000	+11	60	999	68	954	72	915	200	
115	20.00	Noah Fiveash	99153	1000	+13	64	968	72	924	66	961	202	
116	10.00	Travis Powell	14055	1004	+14	67	944	71	931	65	969	203

The Open at Austin
3
1	1160.00	Gannon Buhr	75412	1041	-22	56	1057	54	1045	51	1069	161	$7,500
2	1150.00	Simon Lizotte	8332	1037	-20	56	1057	55	1037	52	1061	163	$4,000
3	1140.00	James Proctor	34250	1021	-19	58	1044	55	1037	51	1069	164	$2,325
3	1140.00	Calvin Heimburg	45971	1042	-19	57	1051	53	1053	54	1045	164	$2,325
5	1120.00	Austin Turner	54049	1017	-18	58	1044	56	1029	51	1069	165	$1,750
6	1110.00	Mason Ford	72844	1028	-17	60	1030	55	1037	51	1069	166	$1,450
6	1110.00	Ezra Aderhold	121715	1029	-17	57	1051	55	1037	54	1045	166	$1,450
6	1110.00	Eagle McMahon	37817	1043	-17	57	1051	52	1061	57	1021	166	$1,450
6	1110.00	Väinö Mäkelä	59635	1027	-17	56	1057	53	1053	57	1021	166	$1,450
10	1070.00	Kyle Klein	85132	1040	-16	61	1023	52	1061	54	1045	167	$1,225
10	1070.00	Corey Ellis	44512	1032	-16	58	1044	55	1037	54	1045	167	$1,225
10	1070.00	Joona Heinänen	58926	1025	-16	58	1044	53	1053	56	1029	167	$1,225
10	1070.00	Paul McBeth	27523	1048	-16	56	1057	54	1045	57	1021	167	$1,225
14	1030.00	Mason Marchbanks	79753	1002	-15	58	1044	53	1053	57	1021	168	$1,075
14	1030.00	Cole Redalen	79748	1029	-15	61	1023	49	1085	58	1014	168	$1,075
16	1010.00	Kevin Jones	41760	1033	-14	64	1002	53	1053	52	1061	169	$975
16	1010.00	Albert Tamm	76669	1022	-14	60	1030	56	1029	53	1053	169	$975
16	1010.00	Tristan Tanner	99053	1009	-14	59	1037	53	1053	57	1021	169	$975
19	980.00	Cale Leiviska	24341	1029	-13	61	1023	54	1045	55	1037	170	$840
19	980.00	Joel Freeman	69509	1036	-13	59	1037	56	1029	55	1037	170	$840
19	980.00	Nikko Locastro	11534	1033	-13	60	1030	54	1045	56	1029	170	$840
19	980.00	Scott Withers	38464	1030	-13	60	1030	54	1045	56	1029	170	$840
19	980.00	Chris Dickerson	62467	1042	-13	58	1044	56	1029	56	1029	170	$840
19	980.00	Adam Hammes	57365	1031	-13	60	1030	53	1053	57	1021	170	$840
25	920.00	Thomas Gilbert	85850	1015	-12	58	1044	62	982	51	1069	171	$700
25	920.00	Nathan Sexton	18824	1030	-12	61	1023	57	1021	53	1053	171	$700
25	920.00	Isaac Robinson	50670	1032	-12	60	1030	58	1014	53	1053	171	$700
25	920.00	Matt Bell	48950	1023	-12	57	1051	60	998	54	1045	171	$700
25	920.00	Aaron Gossage	35449	1029	-12	60	1030	54	1045	57	1021	171	$700
30	870.00	Ezra Robinson	50671	1020	-11	63	1009	55	1037	54	1045	172	$600
30	870.00	Niklas Anttila	91249	1029	-11	64	1002	53	1053	55	1037	172	$600
30	870.00	Gavin Rathbun	60436	1024	-11	61	1023	56	1029	55	1037	172	$600
30	870.00	Jeremy Koling	33705	1018	-11	59	1037	57	1021	56	1029	172	$600
34	830.00	Andrew Marwede	75590	1033	-10	62	1016	59	1006	52	1061	173	$500
34	830.00	Casey White	81739	1016	-10	59	1037	60	998	54	1045	173	$500
34	830.00	Fredy Meza	100497	1009	-10	58	1044	59	1006	56	1029	173	$500
34	830.00	Andrew Fish	58320	1015	-10	59	1037	57	1021	57	1021	173	$500
34	830.00	Alden Harris	98091	1030	-10	61	1023	54	1045	58	1014	173	$500
39	780.00	Eric Oakley	53565	1014	-9	65	996	56	1029	53	1053	174	$425
39	780.00	Connor O'Reilly	99648	1015	-9	61	1023	53	1053	60	998	174	$425
41	760.00	Matthew Orum	18330	1040	-8	62	1016	59	1006	54	1045	175	$375
41	760.00	Parker Welck	39491	1013	-8	60	1030	59	1006	56	1029	175	$375
41	760.00	Silas Schultz	79047	1018	-8	61	1023	56	1029	58	1014	175	$375
41	760.00	Garrett Gurthie	13864	1030	-8	62	1016	53	1053	60	998	175	$375
41	760.00	Tim Barham	53332	1015	-8	60	1030	55	1037	60	998	175	$375
41	760.00	Andrew Presnell	63765	1024	-8	60	1030	55	1037	60	998	175	$375
47	700.00	Jakub Semerád	91925	1014	-7	61	1023	61	990	54	1045	176	$50
47	700.00	Brodie Smith	128378	1024	-7	61	1023	58	1014	57	1021	176	$50
47	700.00	Max Regitnig	27812	1000	-7	61	1023	56	1029	59	1006	176	$50
47	700.00	Jake Brown	140954	1004	-7	58	1044	58	1014	60	998	176	$50
51	660.00	Gavin Babcock	80331	1013	-6	63	1009	59	1006	55	1037	177	
51	660.00	Anthony Barela	44382	1042	-6	61	1023	57	1021	59	1006	177	
53	640.00	Evan Scott	89394	1015	-5	64	1002	58	1014	56	1029	178	
53	640.00	Jake Wolff	144536	1002	-5	64	1002	57	1021	57	1021	178	
53	640.00	Zachary Nash	101197	993	-5	60	1030	60	998	58	1014	178	
56	610.00	Harper Thompson	60259	1007	-4	65	996	61	990	53	1053	179	
56	610.00	Paul Ulibarri	27171	1017	-4	65	996	58	1014	56	1029	179	
56	610.00	Luke Samson	59419	1020	-4	64	1002	59	1006	56	1029	179	
59	580.00	Jake Monn	98722	1011	-3	64	1002	60	998	56	1029	180	
59	580.00	Carter Ahrens	88279	1011	-3	63	1009	57	1021	60	998	180	
59	580.00	Chris Clemons	50401	1031	-3	61	1023	58	1014	61	990	180	
59	580.00	Logan Harpool	101319	1012	-3	61	1023	58	1014	61	990	180	
59	580.00	James Conrad	17295	1036	-3	64	1002	53	1053	63	974	180	
64	530.00	Gregg Barsby	15857	1028	-2	66	989	59	1006	56	1029	181	
64	530.00	Benjamin Callaway	39015	1022	-2	69	968	55	1037	57	1021	181	
64	530.00	Robert Burridge	96512	1013	-2	62	1016	62	982	57	1021	181	
64	530.00	Raven Newsom	88212	1013	-2	63	1009	59	1006	59	1006	181	
64	530.00	Paul Oman	34344	1022	-2	61	1023	59	1006	61	990	181	
69	480.00	Braeden Sides	129963	993	-1	65	996	60	998	57	1021	182	
69	480.00	Zackeriath Johnson	50312	1008	-1	64	1002	59	1006	59	1006	182	
69	480.00	Tuomas Hyytiäinen	65715	1006	-1	65	996	55	1037	62	982	182	
72	450.00	Austin Housewright	77181	989	E	63	1009	61	990	59	1006	183	
72	450.00	Kevin Kiefer III	97115	1016	E	65	996	55	1037	63	974	183	
74	430.00	Jordan Castro	49431	1000	+1	69	968	59	1006	56	1029	184	
74	430.00	AJ Carey	61770	1014	+1	65	996	58	1014	61	990	184	
74	430.00	Mark Chapalonis	70741	1000	+1	63	1009	60	998	61	990	184	
74	430.00	Hjalte Jensen	129061	1006	+1	62	1016	61	990	61	990	184	
74	430.00	Nick Hanson	40274	997	+1	58	1044	61	990	65	958	184	
79	380.00	Michael Johansen	20300	1014	+2	64	1002	60	998	61	990	185	
80	370.00	Rasmus Metsamaa	92779	997	+3	68	975	60	998	58	1014	186	
80	370.00	Patrick Blazek	25325	982	+3	64	1002	64	966	58	1014	186	
80	370.00	Noah Meintsma	56555	1004	+3	62	1016	64	966	60	998	186	
80	370.00	Matthew Barajas	71050	994	+3	65	996	58	1014	63	974	186	
80	370.00	Sam DiCarlo	115742	1002	+3	64	1002	57	1021	65	958	186	
85	320.00	Seth Talbott	114877	1009	+4	70	961	59	1006	58	1014	187	
85	320.00	Reid Frescura	48338	1001	+4	63	1009	63	974	61	990	187	
85	320.00	Zach Arlinghaus	65266	1011	+4	66	989	57	1021	64	966	187	
88	290.00	Connor Rock	73695	1011	+5	66	989	61	990	61	990	188	
88	290.00	Austin Hannum	68835	1016	+5	65	996	61	990	62	982	188	
88	290.00	Harris Reid	72429	984	+5	63	1009	62	982	63	974	188	
88	290.00	Grady Shue	68285	1012	+5	63	1009	61	990	64	966	188	
92	250.00	Tony Ferro	33551	1017	+6	66	989	64	966	59	1006	189	
92	250.00	Jake Hebenheimer	43762	1019	+6	70	961	59	1006	60	998	189	
92	250.00	Emerson Keith	47472	1029	+6	65	996	59	1006	65	958	189	
92	250.00	Mike Laitala	43081	1005	+6	64	1002	60	998	65	958	189	
92	250.00	Trevon Crowe	67172	1001	+6	63	1009	60	998	66	950	189	
97	200.00	G.T. Hancock	49885	1009	+7	67	982	60	998	63	974	190	
98	190.00	Nolan Ramser	90461	999	+8	66	989	63	974	62	982	191	
98	190.00	Noah Fiveash	99153	992	+8	66	989	63	974	62	982	191	
98	190.00	Charlie Moore	78268	1006	+8	65	996	63	974	63	974	191	
101	160.00	Jaden Rye	153363	1003	+9	72	947	62	982	58	1014	192	
101	160.00	Clay Edwards	91397	1009	+9	70	961	61	990	61	990	192	
101	160.00	Jim Oates	3351	973	+9	67	982	60	998	65	958	192	
104	130.00	Tyler Wozniak	92805	984	+10	70	961	68	934	55	1037	193	
104	130.00	Gabriel Hernández	148785	998	+10	68	975	62	982	63	974	193	
104	130.00	John Willis II	23844	1000	+10	64	1002	60	998	69	926	193	
107	100.00	Justin Rosak	98161	1000	+12	67	982	63	974	65	958	195	
108	90.00	Isaac Marrs	65220	979	+13	69	968	65	958	62	982	196	
109	80.00	Mason Hults	121920	973	+15	64	1002	64	966	70	919	198	
110	70.00	Randon Latta	51685	1009	+16	74	934	60	998	65	958	199	
111	60.00	Tanner Girouard	88077	990	+22	67	982	69	926	69	926	205	
112	50.00	Justin Atwater-Taylor	33117	974	+28	73	940	71	911	67	942	211	
113	0.00	Richard Wysocki	38008	1047		63	1009	58	1014	999		DNF	
113	0.00	Luke Humphries	69424	1018		63	1009	62	982	999		DNF	
115	0.00	Bradley Williams	31644	1028		67	982	999				DNF	
116	0.00	Chandler Fry	25541	1014		999						DNF

Texas State Disc Golf Championships
3
1	1240.00	Calvin Heimburg	45971	1042	-33	53	1070	50	1086	53	1064	156	$4,000
2	1230.00	Anthony Barela	44382	1042	-27	58	1034	50	1086	54	1056	162	$2,125
2	1230.00	Joel Freeman	69509	1036	-27	54	1063	53	1064	55	1049	162	$2,125
4	1210.00	James Proctor	34250	1021	-26	56	1049	54	1056	53	1064	163	$1,475
5	1200.00	Alden Harris	98091	1030	-24	56	1049	58	1026	51	1079	165	$1,250
6	1190.00	Niklas Anttila	91249	1029	-22	56	1049	57	1034	54	1056	167	$1,055
6	1190.00	Ezra Aderhold	121715	1029	-22	55	1056	56	1041	56	1041	167	$1,055
8	1170.00	Aaron Gossage	35449	1029	-21	59	1027	56	1041	53	1064	168	$925
8	1170.00	Kyle Klein	85132	1040	-21	55	1056	55	1049	58	1026	168	$925
10	1150.00	Brodie Smith	128378	1024	-20	56	1049	58	1026	55	1049	169	$825
10	1150.00	Chris Clemons	50401	1031	-20	57	1042	53	1064	59	1019	169	$825
12	1130.00	Andrew Marwede	75590	1033	-19	58	1034	58	1026	54	1056	170	$760
12	1130.00	Luke Samson	59419	1020	-19	58	1034	55	1049	57	1034	170	$760
14	1110.00	Nikko Locastro	11534	1033	-18	61	1013	56	1041	54	1056	171	$700
14	1110.00	Bradley Williams	31644	1028	-18	59	1027	56	1041	56	1041	171	$700
14	1110.00	Garrett Gurthie	13864	1030	-18	58	1034	54	1056	59	1019	171	$700
17	1080.00	Zach Arlinghaus	65266	1011	-16	61	1013	56	1041	56	1041	173	$640
17	1080.00	Emerson Keith	47472	1029	-16	60	1020	57	1034	56	1041	173	$640
19	1060.00	Gannon Buhr	75412	1041	-15	62	1005	53	1064	59	1019	174	$590
19	1060.00	Gavin Babcock	80331	1013	-15	60	1020	55	1049	59	1019	174	$590
19	1060.00	Joona Heinänen	58926	1025	-15	58	1034	56	1041	60	1011	174	$590
22	1030.00	Paul Oman	34344	1022	-14	60	1020	61	1004	54	1056	175	$530
22	1030.00	AJ Carey	61770	1014	-14	60	1020	57	1034	58	1026	175	$530
22	1030.00	Clay Edwards	91397	1009	-14	57	1042	58	1026	60	1011	175	$530
25	1000.00	Jake Hebenheimer	43762	1019	-13	64	991	57	1034	55	1049	176	$460
25	1000.00	Gregg Barsby	15857	1028	-13	64	991	56	1041	56	1041	176	$460
25	1000.00	Austin Hannum	68835	1016	-13	62	1005	56	1041	58	1026	176	$460
25	1000.00	Jaden Rye	153363	1003	-13	56	1049	60	1011	60	1011	176	$460
25	1000.00	Benjamin Callaway	39015	1022	-13	61	1013	54	1056	61	1004	176	$460
30	950.00	Reid Frescura	48338	1001	-11	64	991	59	1019	55	1049	178	$390
30	950.00	Kevin Kiefer III	97115	1016	-11	62	1005	61	1004	55	1049	178	$390
30	950.00	Joshua Patin	56037	1011	-11	58	1034	63	988	57	1034	178	$390
30	950.00	Eric Oakley	53565	1014	-11	58	1034	61	1004	59	1019	178	$390
34	910.00	Tony Ferro	33551	1017	-10	57	1042	62	996	60	1011	179	$350
34	910.00	Nick Newton	47689	1008	-10	58	1034	58	1026	63	988	179	$350
36	890.00	Raven Newsom	88212	1013	-9	60	1020	64	981	56	1041	180	$315
36	890.00	Chandler Kramer	139228	1021	-9	62	1005	60	1011	58	1026	180	$315
36	890.00	Ezra Robinson	50671	1020	-9	60	1020	60	1011	60	1011	180	$315
36	890.00	Gavin Rathbun	60436	1024	-9	60	1020	60	1011	60	1011	180	$315
40	850.00	Adam Hammes	57365	1031	-8	62	1005	63	988	56	1041	181	$270
40	850.00	Clint Calvin	84958	1009	-8	60	1020	65	973	56	1041	181	$270
40	850.00	Fredy Meza	100497	1009	-8	59	1027	62	996	60	1011	181	$270
40	850.00	Matthew Barajas	71050	994	-8	63	998	57	1034	61	1004	181	$270
40	850.00	Carter Ahrens	88279	1011	-8	59	1027	61	1004	61	1004	181	$270
45	800.00	Hjalte Jensen	129061	1006	-7	62	1005	65	973	55	1049	182	$205
45	800.00	Jakub Semerád	91925	1014	-7	65	984	58	1026	59	1019	182	$205
45	800.00	Cole Redalen	79748	1029	-7	62	1005	59	1019	61	1004	182	$205
45	800.00	Väinö Mäkelä	59635	1027	-7	61	1013	60	1011	61	1004	182	$205
45	800.00	Seth Talbott	114877	1009	-7	60	1020	60	1011	62	996	182	$205
45	800.00	G.T. Hancock	49885	1009	-7	59	1027	61	1004	62	996	182	$205
45	800.00	Robert Burridge	96512	1013	-7	60	1020	59	1019	63	988	182	$205
52	730.00	Hayden Frederiksen	205985	948	-6	63	998	62	996	58	1026	183	
52	730.00	Isaac Robinson	50670	1032	-6	59	1027	66	966	58	1026	183	
52	730.00	Evan Scott	89394	1015	-6	62	1005	60	1011	61	1004	183	
52	730.00	Parker Welck	39491	1013	-6	62	1005	58	1026	63	988	183	
56	690.00	Connor Rock	73695	1011	-5	64	991	62	996	58	1026	184	
56	690.00	Justin Rosak	98161	1000	-5	63	998	62	996	59	1019	184	
56	690.00	Charlie Moore	78268	1006	-5	63	998	61	1004	60	1011	184	
56	690.00	Daniel Vazquez	83139	977	-5	61	1013	59	1019	64	981	184	
60	650.00	Brett Stetson	79063	1000	-4	63	998	63	988	59	1019	185	
60	650.00	Matthew Hall	18133	996	-4	62	1005	62	996	61	1004	185	
60	650.00	Logan Porter	154455	979	-4	61	1013	61	1004	63	988	185	
63	620.00	Max Regitnig	27812	1000	-3	68	962	61	1004	57	1034	186	
63	620.00	Tyler Wozniak	92805	984	-3	64	991	64	981	58	1026	186	
63	620.00	Andrew Miranda	118426	1010	-3	66	976	60	1011	60	1011	186	
66	590.00	Adrian Zapata	64554	987	-2	65	984	64	981	58	1026	187	
66	590.00	Chris Harris	37146	1007	-2	68	962	59	1019	60	1011	187	
66	590.00	Jake Wolff	144536	1002	-2	64	991	62	996	61	1004	187	
66	590.00	Jake Brown	140954	1004	-2	64	991	59	1019	64	981	187	
66	590.00	Blake Whitehead	145870	1001	-2	61	1013	62	996	64	981	187	
71	540.00	Kevin Worthy	190270	986	-1	65	984	63	988	60	1011	188	
71	540.00	Connor O'Reilly	99648	1015	-1	63	998	64	981	61	1004	188	
71	540.00	John Willis II	23844	1000	-1	64	991	62	996	62	996	188	
71	540.00	Michael Johansen	20300	1014	-1	63	998	62	996	63	988	188	
75	500.00	Tuomas Hyytiäinen	65715	1006	E	68	962	62	996	59	1019	189	
75	500.00	Jake Monn	98722	1011	E	64	991	62	996	63	988	189	
75	500.00	Sam DiCarlo	115742	1002	E	62	1005	63	988	64	981	189	
75	500.00	Zachary Nash	101197	993	E	61	1013	62	996	66	966	189	
79	460.00	Henry Bente	137625	986	+1	65	984	67	958	58	1026	190	
79	460.00	Kade Capps	168538	978	+1	71	940	60	1011	59	1019	190	
79	460.00	Albert Tamm	76669	1022	+1	66	976	61	1004	63	988	190	
82	430.00	Mason Marchbanks	79753	1002	+2	64	991	66	966	61	1004	191	
82	430.00	Cooke Tarlton	185847	978	+2	61	1013	65	973	65	973	191	
84	410.00	Terrance Ivory	101093	972	+4	63	998	66	966	64	981	193	
84	410.00	Dylan Moore	87390	938	+4	64	991	63	988	66	966	193	
86	390.00	Noah Meintsma	56555	1004	+6	66	976	68	951	61	1004	195	
86	390.00	Joshua Dean	130469	965	+6	61	1013	66	966	68	951	195	
88	370.00	Cameron Cote	70895	978	+7	74	918	58	1026	64	981	196	
88	370.00	Patrick Blazek	25325	982	+7	72	933	60	1011	64	981	196	
88	370.00	Isaac Marrs	65220	979	+7	64	991	66	966	66	966	196	
88	370.00	Rasmus Metsamaa	92779	997	+7	64	991	66	966	66	966	196	
92	330.00	Brian Dudney	46234	983	+8	66	976	67	958	64	981	197	
92	330.00	Kevin Pfullmann	79309	988	+8	68	962	62	996	67	958	197	
92	330.00	Ian Fredrickson	77821	991	+8	67	969	63	988	67	958	197	
92	330.00	Joshua Ianno	131072	978	+8	62	1005	64	981	71	928	197	
96	290.00	Matt Odenwelder	31710	970	+9	67	969	66	966	65	973	198	
96	290.00	Nicholas Rowton	34180	1018	+9	64	991	67	958	67	958	198	
96	290.00	Blake Seddens	146928	974	+9	61	1013	66	966	71	928	198	
96	290.00	Mickey Welsh	166089	986	+9	63	998	60	1011	75	898	198	
100	250.00	Loren Lewis	68695	991	+10	67	969	64	981	68	951	199	
101	240.00	Nathan Horsley	51532	956	+12	69	955	71	928	61	1004	201	
102	230.00	Nathan Feldheim	196864	937	+13	68	962	62	996	72	921	202	
102	230.00	Noah Fiveash	99153	992	+13	64	991	66	966	72	921	202	
104	210.00	Tanner Girouard	88077	990	+14	68	962	68	951	67	958	203	
105	200.00	Riley Steiner	130037	971	+15	70	947	60	1011	74	906	204	
106	190.00	Seth Windham	169095	973	+17	66	976	66	966	74	906	206	
107	180.00	Kaden Sanders	102016	947	+18	68	962	73	913	66	966	207	
107	180.00	Seth Johnson	32210	941	+18	68	962	72	921	67	958	207	
107	180.00	Harris Reid	72429	984	+18	68	962	68	951	71	928	207	
110	150.00	Kyle Serres	113822	954	+19	72	933	67	958	69	943	208	
110	150.00	Luke Dean	144488	957	+19	68	962	70	936	70	936	208	
110	150.00	Dynas Doud	159161	958	+19	67	969	70	936	71	928	208	
113	120.00	Chris Macias	180568	961	+20	63	998	68	951	78	876	209	
114	110.00	Kirk Trevena	45433	983	+21	71	940	69	943	70	936	210	
114	110.00	Zane Jackson	125076	942	+21	69	955	69	943	72	921	210	
114	110.00	Jonathan Amos	38717	982	+21	65	984	68	951	77	883	210	
117	80.00	Chris Runyan	93197	964	+23	69	955	72	921	71	928	212	
118	70.00	Jason Einfeld	66484	968	+24	74	918	72	921	67	958	213	
118	70.00	Blake Kimball	221953	962	+24	69	955	68	951	76	891	213	
120	50.00	Neil Myers	69947	965	+25	71	940	68	951	75	898	214	
121	40.00	Andrew Jefferson	50720	944	+28	71	940	71	928	75	898	217	
122	0.00	Kevin Bates	38258	969		69	955	73	913	999		DNF	
123	0.00	Randon Latta	51685	1009		64	991	999				DNF	
123	0.00	Garrett Saunders	168883	945		74	918	999				DNF

Music City Open
3
1	1160.00	Simon Lizotte	8332	1037	-23	59	1050	59	1046	54	1068	172	$8,000
2	1150.00	Anthony Barela	44382	1042	-22	59	1050	57	1059	57	1047	173	$5,000
3	1140.00	Calvin Heimburg	45971	1042	-21	61	1037	57	1059	56	1054	174	$2,352
3	1140.00	Gannon Buhr	75412	1041	-21	59	1050	58	1052	57	1047	174	$2,352
3	1140.00	Chris Dickerson	62467	1042	-21	59	1050	55	1072	60	1025	174	$2,352
6	1110.00	James Proctor	34250	1021	-20	59	1050	61	1033	55	1061	175	$1,650
7	1100.00	Austin Turner	54049	1017	-19	59	1050	59	1046	58	1040	176	$1,550
8	1090.00	Richard Wysocki	38008	1047	-18	61	1037	58	1052	58	1040	177	$1,475
9	1080.00	Joel Freeman	69509	1036	-17	64	1018	59	1046	55	1061	178	$1,375
9	1080.00	Isaac Robinson	50670	1032	-17	62	1031	58	1052	58	1040	178	$1,375
11	1060.00	Cole Redalen	79748	1029	-16	63	1025	62	1026	54	1068	179	$1,200
11	1060.00	Jakub Semerád	91925	1014	-16	63	1025	60	1039	56	1054	179	$1,200
11	1060.00	Evan Smith	101574	1025	-16	64	1018	57	1059	58	1040	179	$1,200
11	1060.00	Adam Hammes	57365	1031	-16	59	1050	60	1039	60	1025	179	$1,200
11	1060.00	Ezra Aderhold	121715	1029	-16	58	1056	59	1046	62	1011	179	$1,200
16	1010.00	Luke Taylor	102119	1019	-15	62	1031	58	1052	60	1025	180	$1,060
17	1000.00	Aaron Gossage	35449	1029	-14	62	1031	62	1026	57	1047	181	$1,020
18	990.00	Andrew Presnell	63765	1024	-13	62	1031	62	1026	58	1040	182	$902
18	990.00	Luke Humphries	69424	1018	-13	58	1056	66	1000	58	1040	182	$902
18	990.00	Eagle McMahon	37817	1043	-13	64	1018	59	1046	59	1032	182	$902
18	990.00	Väinö Mäkelä	59635	1027	-13	60	1044	61	1033	61	1018	182	$902
18	990.00	Eric Oakley	53565	1014	-13	60	1044	60	1039	62	1011	182	$902
23	940.00	Corey Ellis	44512	1032	-12	65	1012	60	1039	58	1040	183	$788
23	940.00	Robert Burridge	96512	1013	-12	59	1050	62	1026	62	1011	183	$788
25	920.00	Tuomas Hyytiäinen	65715	1006	-11	68	993	60	1039	56	1054	184	$700
25	920.00	Bradley Williams	31644	1028	-11	63	1025	64	1013	57	1047	184	$700
25	920.00	Aidan Scott	99246	1018	-11	60	1044	65	1007	59	1032	184	$700
25	920.00	Paul McBeth	27523	1048	-11	62	1031	62	1026	60	1025	184	$700
25	920.00	Alden Harris	98091	1030	-11	60	1044	64	1013	60	1025	184	$700
30	870.00	Matthew Orum	18330	1040	-10	64	1018	65	1007	56	1054	185	$591
30	870.00	Trevor Harbolt	26860	997	-10	63	1025	62	1026	60	1025	185	$591
30	870.00	Chris Clemons	50401	1031	-10	63	1025	62	1026	60	1025	185	$591
30	870.00	Tyler Horne	16058	1005	-10	63	1025	58	1052	64	997	185	$591
34	830.00	Jeremy Koling	33705	1018	-9	68	993	60	1039	58	1040	186	$491
34	830.00	Mason Ford	72844	1028	-9	62	1031	66	1000	58	1040	186	$491
34	830.00	Garrett Gurthie	13864	1030	-9	63	1025	63	1020	60	1025	186	$491
34	830.00	Jake Wolff	144536	1002	-9	63	1025	62	1026	61	1018	186	$491
34	830.00	Nikko Locastro	11534	1033	-9	62	1031	63	1020	61	1018	186	$491
34	830.00	Kyle Klein	85132	1040	-9	60	1044	62	1026	64	997	186	$491
40	770.00	Colten Montgomery	35876	1020	-8	65	1012	64	1013	58	1040	187	$404
40	770.00	Zach Arlinghaus	65266	1011	-8	65	1012	63	1020	59	1032	187	$404
40	770.00	Austin Hannum	68835	1016	-8	64	1018	61	1033	62	1011	187	$404
40	770.00	Harper Thompson	60259	1007	-8	62	1031	61	1033	64	997	187	$404
44	730.00	John Willis II	23844	1000	-7	73	962	61	1033	54	1068	188	$365
44	730.00	Albert Tamm	76669	1022	-7	62	1031	63	1020	63	1004	188	$365
46	710.00	G.T. Hancock	49885	1009	-6	70	980	64	1013	55	1061	189	$100
46	710.00	Evan Scott	89394	1015	-6	65	1012	65	1007	59	1032	189	$100
46	710.00	Scott Withers	38464	1030	-6	67	999	61	1033	61	1018	189	$100
46	710.00	Sam Lee	78519	1006	-6	65	1012	63	1020	61	1018	189	$100
46	710.00	Andrew Marwede	75590	1033	-6	66	1006	61	1033	62	1011	189	$100
46	710.00	Tony Moe Reiss	47136	1005	-6	63	1025	64	1013	62	1011	189	$100
46	710.00	Hjalte Jensen	129061	1006	-6	64	1018	59	1046	66	983	189	$100
53	640.00	Joona Heinänen	58926	1025	-5	63	1025	63	1020	64	997	190	
54	630.00	Thomas Gilbert	85850	1015	-4	64	1018	64	1013	63	1004	191	
54	630.00	Mason Marchbanks	79753	1002	-4	62	1031	66	1000	63	1004	191	
56	610.00	E. Lucas Pierce	123319	1004	-3	65	1012	66	1000	61	1018	192	
56	610.00	Jake Hebenheimer	43762	1019	-3	69	987	59	1046	64	997	192	
56	610.00	Chandler Kramer	139228	1021	-3	63	1025	61	1033	68	969	192	
59	580.00	Tristan Tanner	99053	1009	-2	66	1006	65	1007	62	1011	193	
59	580.00	Zackeriath Johnson	50312	1008	-2	62	1031	66	1000	65	990	193	
59	580.00	Ezra Robinson	50671	1020	-2	68	993	59	1046	66	983	193	
62	550.00	Gregg Barsby	15857	1028	-1	71	974	64	1013	59	1032	194	
62	550.00	Kevin Jones	41760	1033	-1	67	999	68	987	59	1032	194	
62	550.00	Dylan Seppala	124138	1014	-1	71	974	63	1020	60	1025	194	
62	550.00	Reid Frescura	48338	1001	-1	67	999	66	1000	61	1018	194	
62	550.00	Raven Newsom	88212	1013	-1	68	993	64	1013	62	1011	194	
62	550.00	Andrew Fish	58320	1015	-1	63	1025	69	981	62	1011	194	
62	550.00	Jake Monn	98722	1011	-1	67	999	64	1013	63	1004	194	
62	550.00	Max Regitnig	27812	1000	-1	66	1006	65	1007	63	1004	194	
62	550.00	Clay Edwards	91397	1009	-1	65	1012	65	1007	64	997	194	
62	550.00	Randon Latta	51685	1009	-1	63	1025	65	1007	66	983	194	
72	450.00	Nicholas Gill	33838	1007	E	64	1018	73	955	58	1040	195	
72	450.00	Gavin Rathbun	60436	1024	E	68	993	66	1000	61	1018	195	
72	450.00	Brodie Smith	128378	1024	E	65	1012	69	981	61	1018	195	
72	450.00	Levi Hancock	103050	1004	E	63	1025	66	1000	66	983	195	
72	450.00	Nick Hanson	40274	997	E	59	1050	70	974	66	983	195	
72	450.00	Elijah Bickel	94844	1012	E	60	1044	64	1013	71	948	195	
78	390.00	Tim Barham	53332	1015	+1	64	1018	69	981	63	1004	196	
78	390.00	Trevon Crowe	67172	1001	+1	64	1018	68	987	64	997	196	
78	390.00	Connor O'Reilly	99648	1015	+1	62	1031	67	994	67	976	196	
81	360.00	Logan Bowers	31536	1004	+2	67	999	69	981	61	1018	197	
81	360.00	Jared Stoll	68103	994	+2	66	1006	70	974	61	1018	197	
81	360.00	Fredy Meza	100497	1009	+2	65	1012	67	994	65	990	197	
81	360.00	James Conrad	17295	1036	+2	65	1012	66	1000	66	983	197	
81	360.00	Noah Fiveash	99153	992	+2	65	1012	65	1007	67	976	197	
81	360.00	Jacob Chesser	96063	1004	+2	68	993	61	1033	68	969	197	
87	300.00	Jaden Rye	153363	1003	+3	71	974	70	974	57	1047	198	
87	300.00	Gavin Babcock	80331	1013	+3	67	999	66	1000	65	990	198	
89	280.00	Noah Meintsma	56555	1004	+4	67	999	63	1020	69	962	199	
89	280.00	Ian Burchett	60435	1005	+4	65	1012	65	1007	69	962	199	
91	260.00	Luke Samson	59419	1020	+5	70	980	67	994	63	1004	200	
91	260.00	Kevin Kiefer III	97115	1016	+5	66	1006	71	968	63	1004	200	
91	260.00	Nathan Queen	68286	1021	+5	68	993	65	1007	67	976	200	
91	260.00	Tony Ferro	33551	1017	+5	65	1012	66	1000	69	962	200	
95	220.00	Justin Rosak	98161	1000	+7	67	999	73	955	62	1011	202	
95	220.00	Brandon Brown	87673	1002	+7	69	987	67	994	66	983	202	
95	220.00	Trey Martin	102965	989	+7	65	1012	65	1007	72	941	202	
98	190.00	Harris Reid	72429	984	+8	71	974	71	968	61	1018	203	
98	190.00	Calvin Pettigrew	31818	996	+8	72	968	69	981	62	1011	203	
98	190.00	Parker Welck	39491	1013	+8	74	955	65	1007	64	997	203	
98	190.00	AJ Carey	61770	1014	+8	67	999	71	968	65	990	203	
98	190.00	Danny Beauchamp	76153	1006	+8	70	980	67	994	66	983	203	
103	140.00	Jake Brown	140954	1004	+9	72	968	71	968	61	1018	204	
104	130.00	Brent Hannu	128231	1005	+12	69	987	71	968	67	976	207	
104	130.00	Charlie Moore	78268	1006	+12	72	968	66	1000	69	962	207	
104	130.00	Andrew LaVoie	127483	985	+12	67	999	71	968	69	962	207	
107	100.00	Blake Waldron	100981	1002	+13	70	980	70	974	68	969	208	
108	90.00	Weston Isaacs	40883	1003	+14	70	980	70	974	69	962	209	
109	80.00	Jon Lynn	99462	987	+28	78	930	81	902	64	997	223	
109	80.00	Colby Childress	101578	1005	+28	76	943	76	935	71	948	223	
111	0.00	Benjamin Callaway	39015	1022		70	980	72	961	999		DNF	
111	0.00	Emerson Keith	47472	1029		73	962	74	948	999		DNF	
113	0.00	Chris Harris	37146	1007		71	974	999				DNF	
113	0.00	Paul Ulibarri	27171	1017		72	968	999				DNF	
115	0.00	Alan Wagner	28550	1007		999						DNF	
115	0.00	Niklas Anttila	91249	1029		999						DNF	

Blue Ridge Championship
3
1	Gannon Buhr	75412	1042	-18	56	1060	57	1051	52	1083	165	$3,250
2	Bradley Williams	31644	1027	-16	57	1053	54	1072	56	1056	167	$2,250
3	Kyle Klein	85132	1040	-14	54	1073	58	1044	57	1049	169	$1,665
4	Calvin Heimburg	45971	1046	-13	58	1046	55	1065	57	1049	170	$1,450
5	Isaac Robinson	50670	1033	-12	55	1067	59	1037	57	1049	171	$1,250
6	Richard Wysocki	38008	1043	-11	57	1053	58	1044	57	1049	172	$1,050
6	Benjamin Callaway	39015	1019	-11	55	1067	60	1030	57	1049	172	$1,050
8	Väinö Mäkelä	59635	1028	-10	61	1026	58	1044	54	1069	173	$950
9	Mason Ford	72844	1030	-9	61	1026	58	1044	55	1063	174	$875
9	Jakub Semerád	91925	1015	-9	58	1046	61	1024	55	1063	174	$875
9	Chris Dickerson	62467	1041	-9	60	1033	58	1044	56	1056	174	$875
12	Garrett Gurthie	13864	1030	-8	56	1060	58	1044	61	1021	175	$815
12	Harper Thompson	60259	1007	-8	55	1067	57	1051	63	1007	175	$815
14	Eric Oakley	53565	1017	-7	55	1067	62	1017	59	1035	176	$770
14	Matt Thompson	125969	1005	-7	63	1013	53	1078	60	1028	176	$770
16	Mason Marchbanks	79753	1006	-6	59	1040	59	1037	59	1035	177	$710
16	Niklas Anttila	91249	1032	-6	61	1026	56	1058	60	1028	177	$710
16	Andrew Marwede	75590	1031	-6	58	1046	58	1044	61	1021	177	$710
16	Albert Tamm	76669	1021	-6	56	1060	59	1037	62	1014	177	$710
20	James Cole	29690	1007	-5	64	1006	57	1051	57	1049	178	$650
20	Andrew Presnell	63765	1025	-5	63	1013	57	1051	58	1042	178	$650
22	Tuomas Hyytiäinen	65715	1006	-4	61	1026	61	1024	57	1049	179	$610
22	Brent Hannu	128231	995	-4	60	1033	61	1024	58	1042	179	$610
24	Gavin Babcock	80331	1013	-2	66	992	57	1051	58	1042	181	$570
24	Matthew Orum	18330	1040	-2	59	1040	58	1044	64	1000	181	$570
26	Ezra Robinson	50671	1020	-1	61	1026	64	1003	57	1049	182	$550
27	Chandler Kramer	139228	1020	E	60	1033	64	1003	59	1035	183	$510
27	Robert Burridge	96512	1017	E	59	1040	64	1003	60	1028	183	$510
27	Kevin Kiefer III	97115	1015	E	61	1026	60	1030	62	1014	183	$510
27	Clay Edwards	91397	1008	E	58	1046	60	1030	65	993	183	$510
31	Hjalte Jensen	129061	1005	+1	65	999	60	1030	59	1035	184	$475
32	Connor Rock	73695	1009	+2	65	999	59	1037	61	1021	185	$430
32	Andrew Fish	58320	1016	+2	63	1013	60	1030	62	1014	185	$430
32	Aidan Scott	99246	1018	+2	59	1040	62	1017	64	1000	185	$430
32	Anthony Anselmo	56579	998	+2	62	1019	56	1058	67	979	185	$430
32	James Proctor	34250	1027	+2	55	1067	61	1024	69	965	185	$430
37	Jake Hebenheimer	43762	1018	+3	62	1019	63	1010	61	1021	186	$390
38	Evan Scott	89394	1015	+4	63	1013	64	1003	60	1028	187	$380
39	Brodie Smith	128378	1024	+5	68	979	67	982	53	1076	188	$350
39	Jake Wolff	144536	1004	+5	64	1006	66	989	58	1042	188	$350
39	Braeden Sides	129963	1001	+5	65	999	62	1017	61	1021	188	$350
39	Charles Behrhorst	42202	995	+5	63	1013	64	1003	61	1021	188	$350
39	Chris Clemons	50401	1029	+5	61	1026	60	1030	67	979	188	$350
44	Parker Welck	39491	1012	+7	65	999	63	1010	62	1014	190	$295
44	Brendan Taylor	48014	966	+7	63	1013	64	1003	63	1007	190	$295
44	Harris Reid	72429	979	+7	60	1033	67	982	63	1007	190	$295
44	Randon Latta	51685	1008	+7	64	1006	61	1024	65	993	190	$295
44	Matt Hanne	57205	982	+7	63	1013	62	1017	65	993	190	$295
44	Michael Johansen	20300	1011	+7	66	992	58	1044	66	986	190	$295
50	Austin Housewright	77181	988	+8	64	1006	65	996	62	1014	191	$265
50	Jeremy Koling	33705	1019	+8	68	979	60	1030	63	1007	191	$265
50	Kevin Jones	41760	1033	+8	66	992	62	1017	63	1007	191	$265
53	Jake Monn	98722	1011	+9	69	972	65	996	58	1042	192	$245
53	Chandler Fry	25541	1012	+9	60	1033	68	975	64	1000	192	$245
53	Clint Calvin	84958	1012	+9	58	1046	70	962	64	1000	192	$245
53	G.T. Hancock	49885	1007	+9	61	1026	66	989	65	993	192	$245
53	Luke Humphries	69424	1017	+9	61	1026	65	996	66	986	192	$245
58	Emerson Keith	47472	1027	+10	70	965	65	996	58	1042	193	$155
58	Zach Arlinghaus	65266	1013	+10	63	1013	68	975	62	1014	193	$155
58	James Conrad	17295	1031	+10	61	1026	68	975	64	1000	193	$155
61	Benjamin Burgamy	167794	968	+11	68	979	64	1003	62	1014	194	
61	Joona Heinänen	58926	1025	+11	58	1046	71	955	65	993	194	
61	Brandon Brown	87673	1004	+11	66	992	62	1017	66	986	194	
61	Alan Wagner	28550	1006	+11	62	1019	66	989	66	986	194	
65	Lucas McPherron	129652	983	+12	68	979	66	989	61	1021	195	
65	Ian Burchett	60435	1002	+12	68	979	64	1003	63	1007	195	
65	Shay Montes	99089	989	+12	67	985	64	1003	64	1000	195	
65	Ben Wolff	144530	987	+12	60	1033	71	955	64	1000	195	
65	Grady Shue	68285	1007	+12	67	985	63	1010	65	993	195	
65	Max Regitnig	27812	1003	+12	64	1006	65	996	66	986	195	
65	Justin Rosak	98161	999	+12	65	999	60	1030	70	958	195	
65	Fredy Meza	100497	1008	+12	58	1046	67	982	70	958	195	
73	Joey Lutz	45887	1012	+13	70	965	65	996	61	1021	196	
73	Elliott McCourry	128796	991	+13	71	958	63	1010	62	1014	196	
73	Connor O'Reilly	99648	1014	+13	65	999	69	969	62	1014	196	
73	Blake Poland	100708	1000	+13	70	965	62	1017	64	1000	196	
73	Jake Brown	140954	1004	+13	68	979	64	1003	64	1000	196	
73	Paul Ulibarri	27171	1015	+13	68	979	63	1010	65	993	196	
73	Casey White	81739	1017	+13	60	1033	68	975	68	972	196	
73	Nathaniel Johnson	138355	989	+13	62	1019	65	996	69	965	196	
81	Gavin Phillips	119504	993	+14	68	979	62	1017	67	979	197	
81	Wyatt Mahoney	89460	981	+14	59	1040	65	996	73	937	197	
83	Jared Stoll	68103	995	+15	68	979	66	989	64	1000	198	
83	Martin J. Kneece	66907	1000	+15	60	1033	72	948	66	986	198	
83	Owen McCall	120343	989	+15	65	999	66	989	67	979	198	
83	Trevor Harbolt	26860	998	+15	66	992	61	1024	71	951	198	
83	Colten Montgomery	35876	1019	+15	65	999	62	1017	71	951	198	
88	Trevon Crowe	67172	998	+16	71	958	65	996	63	1007	199	
88	Elijah Bickel	94844	1013	+16	62	1019	66	989	71	951	199	
90	Will Taylor	43786	987	+17	74	938	61	1024	65	993	200	
90	Sam Drummond	100689	988	+17	66	992	68	975	66	986	200	
90	Brandon Hauer	55021	973	+17	69	972	64	1003	67	979	200	
90	JT Ford	125439	957	+17	67	985	63	1010	70	958	200	
94	Justin Foster	173918	983	+18	72	952	70	962	59	1035	201	
94	Gage Stiles	103230	982	+18	64	1006	68	975	69	965	201	
96	Dale Hovis Jr	142049	980	+19	73	945	65	996	64	1000	202	
96	Kaleb Skinner	126344	991	+19	65	999	73	941	64	1000	202	
96	Douglas Ferrio	89662	968	+19	68	979	66	989	68	972	202	
99	Riley Steiner	130037	973	+20	68	979	70	962	65	993	203	
99	Michael Jordt	77562	1002	+20	64	1006	70	962	69	965	203	
99	Dylan Wooten	120668	999	+20	65	999	66	989	72	944	203	
102	Caleb Hall	148142	978	+21	65	999	73	941	66	986	204	
102	John Lucas	159630	984	+21	65	999	71	955	68	972	204	
104	Benjamin Vansumeren	110035	971	+22	74	938	73	941	58	1042	205	
105	Addison Coleman	157012	960	+23	70	965	74	934	62	1014	206	
105	Joel Maury-Holmes	34194	975	+23	69	972	74	934	63	1007	206	
105	Ryan Kenney	67283	961	+23	71	958	70	962	65	993	206	
108	AJ Carey	61770	1014	+24	65	999	77	914	65	993	207	
108	Cole Farley	122008	963	+24	76	925	64	1003	67	979	207	
108	Tyler Wozniak	92805	985	+24	73	945	64	1003	70	958	207	
108	Zane McPherson	166966	940	+24	71	958	66	989	70	958	207	
108	Taylor Rafaleowski	111099	994	+24	66	992	70	962	71	951	207	
108	Thomas Gilbert	85850	1017	+24	68	979	65	996	74	930	207	
108	Thomas Canfield	103148	992	+24	68	979	63	1010	76	916	207	
115	Jasper Tyll	90585	966	+25	69	972	78	907	61	1021	208	
115	Ben Jeffreys	69655	966	+25	73	945	69	969	66	986	208	
115	Alan Best	150306	991	+25	70	965	67	982	71	951	208	
118	Casey Trudeau	55815	950	+27	72	952	69	969	69	965	210	
118	Phil Hadwiger	145906	981	+27	68	979	70	962	72	944	210	
120	Ryan Hahn	135358	977	+29	72	952	71	955	69	965	212	
120	Collin Stetler	134912	987	+29	71	958	70	962	71	951	212	
120	Noah Fiveash	99153	992	+29	64	1006	71	955	77	909	212	
123	Andrew Biggs	48297	962	+30	83	877	61	1024	69	965	213	
124	Raivis Markons-Craig	75027	966	+31	73	945	75	927	66	986	214	
124	Mack Tobias	89463	947	+31	72	952	67	982	75	923	214	
126	Colby Childress	101578	1001	+32	70	965	67	982	78	902	215	
127	Bradon Doctor	117169	978	+34	71	958	76	920	70	958	217	
127	Conor Smith	194818	948	+34	69	972	76	920	72	944	217	
127	Matthew Dahlem	108364	958	+34	69	972	71	955	77	909	217	
130	Aaron Collins	63948	976	+35	78	911	75	927	65	993	218	
130	Arek Robinson	116050	943	+35	77	918	66	989	75	923	218	
130	Dominic Vassari	69796	953	+35	74	938	68	975	76	916	218	
133	Marion Bartlett	128497	934	+36	81	891	68	975	70	958	219	
134	Rhys Robertson	140163	959	+37	76	925	75	927	69	965	220	
134	Bradley Thomas Dixon	41074	955	+37	73	945	75	927	72	944	220	
134	Alex Ziros	117793	989	+37	71	958	69	969	80	888	220	
137	Aaron Reynolds	135421	938	+38	76	925	72	948	73	937	221	
138	Jordan Davidson	44454	980	+40	63	1013	68	975	92	805	223	
139	Kyle Harvey	120064	972	+42	83	877	72	948	70	958	225	
140	Isaac Frazier	141012	918	+44	73	945	84	866	70	958	227	
141	Lucas Sparks	166932	955	+45	79	904	78	907	71	951	228	
142	Nicholas Barnett	105457	951	+55	84	870	71	955	83	867	238	
143	Luke Wade	89204	961		76	925	65	996	999		DNF	
143	Alston Elliott	83519	951		72	952	71	955	999		DNF	
143	William Hannu	78136	992		65	999	72	948	999		DNF	
146	Rick Huber	100542	958		85	864	999				DNF

Champions Cup
4
1	Isaac Robinson	50670	1033	-40	55	1068	55	1065	54	1074	60	1033	224	$14,000
2	Eagle McMahon	37817	1042	-35	58	1048	56	1058	59	1040	56	1060	229	$7,251
2	Niklas Anttila	91249	1032	-35	57	1055	56	1058	58	1047	58	1046	229	$7,251
4	Silas Schultz	79047	1021	-34	57	1055	54	1071	63	1013	56	1060	230	$5,000
5	Matthew Orum	18330	1040	-30	60	1035	59	1037	55	1067	60	1033	234	$4,025
5	Mason Ford	72844	1030	-30	58	1048	57	1051	58	1047	61	1026	234	$4,025
7	Aidan Scott	99246	1018	-28	58	1048	60	1030	59	1040	59	1040	236	$2,863
7	Chris Clemons	50401	1029	-28	61	1028	56	1058	60	1034	59	1040	236	$2,863
7	Gannon Buhr	75412	1042	-28	62	1021	59	1037	54	1074	61	1026	236	$2,863
7	Väinö Mäkelä	59635	1028	-28	59	1041	59	1037	57	1054	61	1026	236	$2,863
11	Chris Dickerson	62467	1041	-27	58	1048	59	1037	60	1034	60	1033	237	$2,225
11	James Conrad	17295	1031	-27	56	1061	57	1051	58	1047	66	992	237	$2,225
13	Joona Heinänen	58926	1025	-26	58	1048	59	1037	67	986	54	1073	238	$1,950
13	Simon Lizotte	8332	1040	-26	61	1028	55	1065	66	993	56	1060	238	$1,950
13	Anthony Barela	44382	1039	-26	61	1028	55	1065	59	1040	63	1013	238	$1,950
16	Kevin Kiefer III	97115	1015	-25	60	1035	63	1010	57	1054	59	1040	239	$1,738
16	Calvin Heimburg	45971	1046	-25	60	1035	60	1030	57	1054	62	1019	239	$1,738
18	Austin Turner	54049	1020	-24	61	1028	58	1044	61	1027	60	1033	240	$1,588
18	Kyle Klein	85132	1040	-24	61	1028	59	1037	56	1061	64	1006	240	$1,588
20	Robert Burridge	96512	1017	-23	60	1035	56	1058	64	1007	61	1026	241	$1,381
20	Paul Krans	132521	1009	-23	61	1028	59	1037	58	1047	63	1013	241	$1,381
20	Paul McBeth	27523	1046	-23	63	1014	56	1058	59	1040	63	1013	241	$1,381
20	Paul Oman	34344	1022	-23	59	1041	57	1051	61	1027	64	1006	241	$1,381
24	Evan Smith	101574	1028	-22	63	1014	60	1030	60	1034	59	1040	242	$1,220
24	Joel Freeman	69509	1037	-22	59	1041	59	1037	64	1007	60	1033	242	$1,220
24	Micah Groth	113179	1012	-22	58	1048	60	1030	63	1013	61	1026	242	$1,220
27	Alden Harris	98091	1030	-21	63	1014	60	1030	60	1034	60	1033	243	$1,150
28	Jeremy Koling	33705	1019	-20	62	1021	58	1044	65	1000	59	1040	244	$1,100
28	Benjamin Callaway	39015	1019	-20	59	1041	61	1023	64	1007	60	1033	244	$1,100
28	Ezra Robinson	50671	1020	-20	59	1041	63	1010	61	1027	61	1026	244	$1,100
31	Sullivan Tipton	78817	1024	-19	65	1001	58	1044	62	1020	60	1033	245	$1,050
32	Joseph Anderson	122356	1021	-18	64	1008	61	1023	62	1020	59	1040	246	$991
32	Tristan Tanner	99053	1011	-18	64	1008	61	1023	61	1027	60	1033	246	$991
32	Eric Oakley	53565	1017	-18	61	1028	60	1030	65	1000	60	1033	246	$991
32	Dylan Seppala	124138	1016	-18	64	1008	59	1037	62	1020	61	1026	246	$991
36	James Proctor	34250	1027	-17	63	1014	63	1010	64	1007	57	1053	247	$920
36	Michael Johansen	20300	1011	-17	62	1021	62	1017	64	1007	59	1040	247	$920
36	Nate Hecker	93475	1014	-17	63	1014	65	996	58	1047	61	1026	247	$920
39	Nikko Locastro	11534	1031	-16	61	1028	66	989	61	1027	60	1033	248	$839
39	Andrew Fish	58320	1016	-16	63	1014	63	1010	62	1020	60	1033	248	$839
39	Clay Edwards	91397	1008	-16	64	1008	61	1023	62	1020	61	1026	248	$839
39	Adam Hammes	57365	1032	-16	63	1014	61	1023	62	1020	62	1019	248	$839
39	Chandler Fry	25541	1012	-16	60	1035	62	1017	64	1007	62	1019	248	$839
39	Fredy Meza	100497	1008	-16	64	1008	62	1017	59	1040	63	1013	248	$839
45	Mason Marchbanks	79753	1006	-14	63	1014	63	1010	63	1013	61	1026	250	
45	Grady Shue	68285	1007	-14	63	1014	63	1010	62	1020	62	1019	250	
45	Albert Tamm	76669	1021	-14	61	1028	60	1030	65	1000	64	1006	250	
45	Luke Humphries	69424	1017	-14	65	1001	60	1030	60	1034	65	999	250	
45	Jake Monn	98722	1011	-14	64	1008	60	1030	59	1040	67	985	250	
50	Bradley Williams	31644	1027	-13	61	1028	62	1017	65	1000	63	1013	251	
50	Evan Scott	89394	1015	-13	72	954	55	1065	59	1040	65	999	251	
50	Connor Rock	73695	1009	-13	62	1021	61	1023	62	1020	66	992	251	
53	Casey White	81739	1017	-12	64	1008	63	1010	63	1013	62	1019	252	
53	Corey Ellis	44512	1032	-12	64	1008	64	1003	61	1027	63	1013	252	
53	Tuomas Hyytiäinen	65715	1006	-12	62	1021	64	1003	62	1020	64	1006	252	
53	Andrew Presnell	63765	1025	-12	63	1014	60	1030	65	1000	64	1006	252	
57	Drew Gibson	48346	1033	-11	64	1008	64	1003	65	1000	60	1033	253	
57	Aaron Gossage	35449	1030	-11	65	1001	62	1017	64	1007	62	1019	253	
57	Thomas Gilbert	85850	1017	-11	61	1028	64	1003	65	1000	63	1013	253	
57	Gavin Babcock	80331	1013	-11	60	1035	63	1010	61	1027	69	972	253	
57	Raven Newsom	88212	1011	-11	63	1014	63	1010	68	980	59	1040	253	
62	Jakub Semerád	91925	1015	-10	61	1028	63	1010	68	980	62	1019	254	
63	Randon Latta	51685	1008	-9	61	1028	62	1017	70	966	62	1019	255	
63	Gregg Barsby	15857	1022	-9	61	1028	67	982	64	1007	63	1013	255	
63	Cole Redalen	79748	1030	-9	58	1048	69	968	65	1000	63	1013	255	
63	Tim Barham	53332	1015	-9	59	1041	65	996	67	986	64	1006	255	
63	Colten Montgomery	35876	1019	-9	65	1001	60	1030	65	1000	65	999	255	
68	Parker Welck	39491	1012	-7	67	988	67	982	59	1040	64	1006	257	
68	Gavin Rathbun	60436	1022	-7	66	994	64	1003	61	1027	66	992	257	
68	Scott Withers	38464	1027	-7	65	1001	63	1010	63	1013	66	992	257	
71	Zachary Nash	101197	996	-6	67	988	69	968	64	1007	58	1046	258	
71	Brandon Brown	87673	1004	-6	63	1014	68	975	64	1007	63	1013	258	
71	Paul Ulibarri	27171	1015	-6	64	1008	60	1030	69	973	65	999	258	
71	Ian Burchett	60435	1002	-6	65	1001	62	1017	64	1007	67	985	258	
71	Emerson Keith	47472	1027	-6	61	1028	63	1010	67	986	67	985	258	
71	G.T. Hancock	49885	1007	-6	66	994	68	975	61	1027	63	1013	258	
71	Jacob Chesser	96063	1004	-6	60	1035	67	982	67	986	64	1006	258	
71	Dylan Horst	32599	1012	-6	60	1035	61	1023	69	973	68	979	258	
79	Ilkin Groh	145831	993	-5	68	981	66	989	63	1013	62	1019	259	
79	Nathan Queen	68286	1010	-5	67	988	63	1010	66	993	63	1013	259	
79	Clint Calvin	84958	1012	-5	66	994	62	1017	65	1000	66	992	259	
79	AJ Carey	61770	1014	-5	64	1008	66	989	64	1007	65	999	259	
83	Brodie Smith	128378	1024	-4	66	994	68	975	61	1027	65	999	260	
83	Luke Samson	59419	1019	-4	69	974	62	1017	64	1007	65	999	260	
85	Jake Brown	140954	1004	-3	63	1014	72	948	62	1020	64	1006	261	
85	Blake Poland	100708	1000	-3	67	988	62	1017	68	980	64	1006	261	
87	Nate Perkins	65737	998	-2	66	994	65	996	66	993	65	999	262	
88	Matt Dollar	26045	1009	-1	65	1001	65	996	68	980	65	999	263	
88	Alan Wagner	28550	1006	-1	63	1014	68	975	64	1007	68	979	263	
90	Clint Kuglar	58751	1008	+1	62	1021	71	955	65	1000	67	985	265	
91	Matt Thompson	125969	1005	+2	71	961	66	989	63	1013	66	992	266	
92	Mark Chapalonis	70741	999	+4	67	988	67	982	69	973	65	999	268	
92	Josef Berg	95050	1001	+4	68	981	67	982	66	993	67	985	268	
92	Jake Hebenheimer	43762	1018	+4	67	988	67	982	66	993	68	979	268	
95	Noah Fiveash	99153	992	+5	71	961	69	968	65	1000	64	1006	269	
95	Charlie Moore	78268	1001	+5	66	994	70	962	69	973	64	1006	269	
95	Jake Wolff	144536	1004	+5	68	981	64	1003	69	973	68	979	269	
95	Chris Nelson	78697	1026	+5	70	968	68	975	62	1020	69	972	269	
99	Connor O'Reilly	99648	1014	+6	73	947	66	989	68	980	63	1013	270	
100	Jason Lynn	46394	999	+7	65	1001	69	968	67	986	70	965	271	
101	Brent Hannu	128231	995	+9	71	961	71	955	65	1000	66	992	273	
102	Levi Hancock	103050	1002	+13	73	947	72	948	65	1000	67	985	277	
102	Reid Frescura	48338	1003	+13	68	981	69	968	70	966	70	965	277	
104	Colby Childress	101578	1001	+15	67	988	67	982	69	973	76	924	279	
105	David Feldberg	12626	1022		63	1014	62	1017	63	1013	999		DNF	
105	Matt Bell	48950	1021		62	1021	66	989	63	1013	999		DNF	
107	Chandler Kramer	139228	1020		69	974	999		999		999		DNF	
108	Joshua Anthon	17946	1023		999		999		999		999		DNF

Jonesboro Open
9

OTB Open
9

Beaver State Fling
9

Cascade Challenge
9

Zoo Town Open
9

Dynamic Discs Open
9

Des Moines Challenge
9

Kansas City Wide Open
9

PCS Open
9

European Open
9

Mid America Open
9

Ledgestone Open
9

Idlewild
9

Great Lakes Open
9

Jim Palmeri's AFDO
9

PDGA Worlds
9

MVP Open
9
